# Camera parameter file. 

# The format of each camera is as follows:
# Filename (of the undistorted image in visualize folder)
# Original filename
# Focal Length (of the undistorted image)
# 2-vec Principal Point (image center)
# 3-vec Translation T (as in P = K[R T])
# 3-vec Camera Position C (as in P = K[R -RC])
# 3-vec Axis Angle format of R
# 4-vec Quaternion format of R
# 3x3 Matrix format of R
# [Normalized radial distortion] = [radial distortion] * [focal length]^2
# 3-vec Lat/Lng/Alt from EXIF

# The nubmer of cameras in this reconstruction
38

00000000.jpg
C:\Users\jamis\Downloads\mannen02\mannen02_vsfm\img\_DSF0271.JPG
88086.953125
5824 4368
-0.100389294326 -0.247137606144 0.675737261772
-0.0074974372983 -0.726389527321 -0.00885118544102
-0.131935906993 1.72961813 2.5035659638
0.0479109259636 -0.0432685155303 0.567230033317 0.821047016348
-0.991664648056 -0.127764284611 -0.0167031809688
0.0295842066407 -0.351932287216 0.935557305813
-0.125409245491 0.927265167236 0.352778762579
-0.0959909723543
35.6817133333 139.791763889 0

00000001.jpg
C:\Users\jamis\Downloads\mannen02\mannen02_vsfm\img\_DSF0295.JPG
89873.3515625
5824 4368
0.117718063295 -0.0084468992427 0.584160089493
-0.118304416537 -0.000203172210604 -0.584102928638
-0.00417683603331 -0.000340227842375 -0.0939186188942
0.998895698502 -0.00208764921233 -0.000170051297557 -0.0469420224289
0.995593369007 0.0937810018659 -0.00014373313752
-0.0937797352672 0.995585501194 0.00418680207804
0.000535720901098 -0.00415457319468 0.999991595745
0.0716874838129
35.6870602778 139.796569167 0

00000002.jpg
C:\Users\jamis\Downloads\mannen02\mannen02_vsfm\img\_DSF0294.JPG
89481.1640625
5824 4368
0.106392070651 -0.00816301163286 0.579093635082
-0.107058793306 -8.40211287141e-005 -0.579028844833
-0.00234929453317 -0.00052263073651 -0.089969074569
0.998988041852 -0.00117425100856 -0.000261227215568 -0.0449693621042
0.995957195759 0.0898483842611 -0.000416280090576
-0.089847035706 0.995953202248 0.00236938521266
0.000627571367659 -0.00232286565006 0.999998033047
0.00779736701425
35.6870602778 139.796569167 0

00000003.jpg
C:\Users\jamis\Downloads\mannen02\mannen02_vsfm\img\_DSF0296.JPG
89458.8515625
5824 4368
0.129066452384 -0.00974606350064 0.582023382187
-0.129438981414 7.24666751921e-005 -0.58202278614
-0.00651381409008 0.000238628735411 -0.104106910431
0.998640358007 -0.00325543083534 0.000119260287861 -0.052029861722
0.994585752487 0.103917442262 0.000576963473577
-0.103919036686 0.994564831257 0.00648945057765
0.000100570927316 -0.00651456788182 0.999979674816
0.0298855297535
35.6870602778 139.796569167 0

00000004.jpg
C:\Users\jamis\Downloads\mannen02\mannen02_vsfm\img\_DSF0297.JPG
89793.015625
5824 4368
0.140059426427 -0.0118929389864 0.586818277836
-0.140991747379 -0.000169210135937 -0.586715996265
-0.00740848826393 -0.000421324773751 -0.116671994707
0.998292336634 -0.00370213535782 -0.000210542459738 -0.0583027874897
0.993202507496 0.116408057511 1.12938832899e-005
-0.116404846311 0.993174612522 0.00741628650576
0.000852025579661 -0.00736696692184 0.999973237514
-0.014512736485
35.6870602778 139.796569167 0

00000005.jpg
C:\Users\jamis\Downloads\mannen02\mannen02_vsfm\img\_DSF0293.JPG
89957.453125
5824 4368
0.0948992297053 -0.00811904948205 0.581675291061
-0.0957298725843 -0.000230894889683 -0.581596076488
-0.000887012338194 -0.000796707118436 -0.0929550425811
0.998920066162 -0.00044334650516 -0.000398210150395 -0.046460789203
0.995682775974 0.0928215831518 -0.000754352542572
-0.0928208753467 0.99568259716 0.000922534381971
0.000836767896544 -0.000848936499096 0.999999821186
0.0477898044428
35.6870602778 139.796569167 0

00000006.jpg
C:\Users\jamis\Downloads\mannen02\mannen02_vsfm\img\_DSF0270.JPG
88084.7890625
5824 4368
-0.109064556658 -0.249669969082 0.674226343632
-0.0173537135124 -0.726938068867 -0.00850607454777
-0.133300663721 1.7272585982 2.50856956238
0.0466521049953 -0.0436825477666 0.566021609461 0.822056745076
-0.991833388805 -0.126133814454 -0.0189805421978
0.0272688958794 -0.355040878057 0.934455156326
-0.124604940414 0.926303625107 0.355579942465
0.0551400298797
35.6817133333 139.791763889 0

00000007.jpg
C:\Users\jamis\Downloads\mannen02\mannen02_vsfm\img\_DSF0269.JPG
89658.109375
5824 4368
-0.122264236212 -0.252453863621 0.685622632504
-0.025147639215 -0.740234315395 -0.0134903937578
-0.138020695984 1.71910777647 2.50871592459
0.0486315776867 -0.0452839043361 0.564030716827 0.823097225566
-0.99116897583 -0.131138503551 -0.0196845680475
0.0289755631238 -0.35903224349 0.932876527309
-0.12940338254 0.924067616463 0.359661340714
0.0477177501878
35.6817133333 139.791763889 0

00000008.jpg
C:\Users\jamis\Downloads\mannen02\mannen02_vsfm\img\_DSF0272.JPG
87686.9453125
5824 4368
-0.0904209464788 -0.245851486921 0.673058331013
0.00188886374235 -0.722196221352 -0.00759735703468
-0.130839037929 1.73169136104 2.50167402436
0.0480636257342 -0.0429127889363 0.567962796545 0.820502894962
-0.991695404053 -0.127629846334 -0.0158402714878
0.0301155298948 -0.350192427635 0.936194241047
-0.125033676624 0.92794406414 0.351128280163
-0.0485796674916
35.6817133333 139.791763889 0

00000009.jpg
C:\Users\jamis\Downloads\mannen02\mannen02_vsfm\img\_DSF0298.JPG
89687.5703125
5824 4368
0.149829998612 -0.0147936530411 0.58754247427
-0.15215536952 -0.000100665725768 -0.587130784988
-0.0075941027753 -0.00235201609338 -0.128047542426
0.997943275584 -0.00379444786778 -0.0011752016946 -0.0639798721069
0.99181073904 0.12770549953 -0.00186001195107
-0.127687633038 0.991784214973 0.0077235577628
0.00283112656325 -0.00742301717401 0.99996817112
0.0589648612421
35.6870602778 139.796569167 0

00000010.jpg
C:\Users\jamis\Downloads\mannen02\mannen02_vsfm\img\_DSF0292.JPG
89538.5078125
5824 4368
0.0833875015378 -0.00875241495669 0.576304912567
-0.0852730125189 -1.01347686723e-005 -0.576095342636
0.000783265177186 -0.00252250673034 -0.0984715723454
0.998787308546 0.00039147426596 -0.00126074348688 -0.0492158819575
0.995153367519 0.09831148386 -0.00255695916712
-0.0983133092523 0.995154619217 -0.000657894823235
0.00247989920899 0.000906103290617 0.999996364117
0.00289107226604
35.6870602778 139.796569167 0

00000011.jpg
C:\Users\jamis\Downloads\mannen02\mannen02_vsfm\img\_DSF0291.JPG
89815.4453125
5824 4368
0.070024587214 -0.00948527920991 0.577216267586
-0.0739585533738 0.000363668077625 -0.576803445816
0.0028807960324 -0.0059283267443 -0.103500221148
0.998655883654 0.00143975260418 -0.00296283519296 -0.0517269224393
0.994631826878 0.103306367993 -0.00606665248051
-0.103323213756 0.994643986225 -0.00256906240247
0.00576875871047 0.0031822072342 0.999978482723
0.00272866389367
35.6870602778 139.796569167 0

00000012.jpg
C:\Users\jamis\Downloads\mannen02\mannen02_vsfm\img\_DSF0290.JPG
89497.6640625
5824 4368
0.0590140484273 -0.00923987943679 0.572202205658
-0.0630443915725 3.63641884178e-005 -0.57184702158
0.00453289174927 -0.00616162487617 -0.108169460027
0.998530716641 0.0022653357488 -0.00307930342809 -0.0540582388202
0.994137823582 0.107943721116 -0.00639447476715
-0.107971526682 0.994145452976 -0.00419096276164
0.00590464146808 0.00485706655309 0.999971091747
0.0308369544585
35.6870602778 139.796569167 0

00000013.jpg
C:\Users\jamis\Downloads\mannen02\mannen02_vsfm\img\_DSF0289.JPG
88810.6796875
5824 4368
0.0463609285653 -0.00885786581784 0.563883066177
-0.0518992170691 -0.000236942665651 -0.56346976757
0.00625689600947 -0.00894959530717 -0.113131813
0.998385623844 0.00312676432619 -0.00447238939211 -0.0565354636724
0.993567407131 0.112860411406 -0.00928388442844
-0.112916365266 0.993587851524 -0.00573777686805
0.00857679266483 0.00674908934161 0.999940156937
0.0719219892976
35.6870602778 139.796569167 0

00000014.jpg
C:\Users\jamis\Downloads\mannen02\mannen02_vsfm\img\_DSF0208.JPG
89736.59375
5824 4368
0.0927237197757 -0.00665917433798 0.547156751156
-0.0241378769279 -0.0229919441044 -0.553995907307
0.0406042274149 0.122407852117 -0.123506390456
0.996016869664 0.0202751512212 0.0611226433883 -0.0616711830939
0.984920978546 0.125329583883 0.119257561862
-0.120372571051 0.991571247578 -0.0479278154671
-0.12425917387 0.0328497551382 0.991706192493
-0.0204733394985
35.68447 139.791821944 0

00000015.jpg
C:\Users\jamis\Downloads\mannen02\mannen02_vsfm\img\_DSF0207.JPG
89456.9921875
5824 4368
0.0826922878623 -0.00655213464051 0.54485309124
-0.0135153830051 -0.0233796946704 -0.550469338894
0.043681308863 0.124077893658 -0.123237360895
0.995941502025 0.0218110996788 0.0619549957856 -0.0615352981081
0.984750568867 0.125273764133 0.120722800493
-0.119868464768 0.991475701332 -0.0510700158775
-0.126091405749 0.0358203016222 0.991371631622
-0.0378798060487
35.68447 139.791821944 0

00000016.jpg
C:\Users\jamis\Downloads\mannen02\mannen02_vsfm\img\_DSF0206.JPG
88121.6015625
5824 4368
0.0726477131248 -0.00547313690186 0.533251404762
-0.00470063835382 -0.0225842632353 -0.537710666656
0.0432571126667 0.124551806081 -0.124553825064
0.995890682689 0.0215989220088 0.0621905758326 -0.062191583941
0.984529554844 0.126558542252 0.121183529496
-0.121185533702 0.991331398487 -0.0507556758821
-0.126556530595 0.0352849848568 0.991332054138
-0.0503094341298
35.68447 139.791821944 0

00000017.jpg
C:\Users\jamis\Downloads\mannen02\mannen02_vsfm\img\_DSF0209.JPG
89814.7578125
5824 4368
0.104147471488 -0.00719385733828 0.547630727291
-0.0348040908575 -0.0225055776536 -0.555949866772
0.0378878075329 0.123589891025 -0.125413020186
0.995948025385 0.0189183101089 0.0617114590943 -0.0626217921297
0.984540581703 0.12707105279 0.120553426445
-0.122401148081 0.991441428661 -0.0454126037657
-0.12529219687 0.0299540106207 0.991667866707
0.0503698310789
35.68447 139.791821944 0

00000018.jpg
C:\Users\jamis\Downloads\mannen02\mannen02_vsfm\img\_DSF0210.JPG
89720.9296875
5824 4368
0.117968797684 -0.00724941585213 0.546167016029
-0.0454194322228 -0.0220177546144 -0.556524991989
0.0338349465331 0.129481129861 -0.128874244262
0.995688307283 0.0168931519549 0.0646474910162 -0.0643444844597
0.983361005783 0.130318284035 0.126563504338
-0.125949919224 0.99114882946 -0.0419602245092
-0.130911499262 0.0253210309893 0.991070985794
0.104549200859
35.68447 139.791821944 0

00000019.jpg
C:\Users\jamis\Downloads\mannen02\mannen02_vsfm\img\_DSF0205.JPG
89975.1796875
5824 4368
0.0621152408421 -0.0114556569606 0.5485855937
0.00872284173965 -0.0247452035546 -0.551586270332
0.0595730954139 0.126894646199 -0.124525132593
0.995608581867 0.0297429332001 0.0633544213061 -0.0621713992654
0.984242022038 0.127565428615 0.122454032302
-0.120028086007 0.990500450134 -0.0671021789312
-0.129850789905 0.0513470992446 0.99020332098
-0.00250473985343
35.68447 139.791821944 0

00000020.jpg
C:\Users\jamis\Downloads\mannen02\mannen02_vsfm\img\_DSF0204.JPG
89972.6875
5824 4368
0.0514094643295 -0.0104961721227 0.548548638821
0.0196662582457 -0.0253232028335 -0.550118863583
0.0614550923601 0.127343632404 -0.123173879851
0.995607683854 0.030682544627 0.0635785666271 -0.0614967437238
0.984351933002 0.126354724169 0.122824832797
-0.118551798165 0.990553855896 -0.0689152553678
-0.130372405052 0.0532758533955 0.990032851696
0.0593617995142
35.68447 139.791821944 0

00000021.jpg
C:\Users\jamis\Downloads\mannen02\mannen02_vsfm\img\_DSF0203.JPG
89797.6328125
5824 4368
0.040279623121 -0.0086574703455 0.54707890749
0.0301526971161 -0.0258344914764 -0.547189235687
0.0617231889181 0.126430445577 -0.122644698174
0.995648752182 0.0308168193123 0.0631235077971 -0.0612333803467
0.984532773495 0.125824436545 0.121923618019
-0.118043318391 0.990601599216 -0.0690961703658
-0.129471749067 0.0536347404122 0.990131378174
0.0364938594891
35.68447 139.791821944 0

00000022.jpg
C:\Users\jamis\Downloads\mannen02\mannen02_vsfm\img\_DSF0288.JPG
88373.25
5824 4368
0.0354285240173 -0.00830443762243 0.557833850384
-0.0415095351636 3.48961912096e-005 -0.557475864887
0.00691161498857 -0.0100362033932 -0.114534947808
0.998341981441 0.0034538973521 -0.00501532802134 -0.057235820226
0.993397414684 0.114247173071 -0.0104094231501
-0.114316515625 0.993424236774 -0.00632213521749
0.00961862690747 0.00747054768726 0.999925196171
0.0815722444567
35.6870602778 139.796569167 0

00000023.jpg
C:\Users\jamis\Downloads\mannen02\mannen02_vsfm\img\_DSF0287.JPG
88485.59375
5824 4368
0.0247140564024 -0.00862895138562 0.556959807873
-0.0311534721404 2.84505076706e-005 -0.556703865528
0.00965014445719 -0.0106559929651 -0.115182282362
0.998316308548 0.00482236394689 -0.00532500591275 -0.0575588156477
0.993317365646 0.114872463048 -0.011187213473
-0.1149751544 0.993327260017 -0.00901574175805
0.0100769475102 0.0102412365377 0.999897181988
-0.0208165260289
35.6870602778 139.796569167 0

00000024.jpg
C:\Users\jamis\Downloads\mannen02\mannen02_vsfm\img\_DSF0286.JPG
88590.1796875
5824 4368
0.0145911602303 -0.00771333742887 0.55566239357
-0.0206417571753 4.26545739174e-006 -0.555524170399
0.0102796325363 -0.010094236703 -0.112932063853
0.998380235812 0.00513704087159 -0.00504439300995 -0.0564355414141
0.993578732014 0.112636402249 -0.010652275756
-0.112740114331 0.993577182293 -0.00968809891492
0.00949261337519 0.0108267813921 0.999896466732
8.45643789449e-005
35.6870602778 139.796569167 0

00000025.jpg
C:\Users\jamis\Downloads\mannen02\mannen02_vsfm\img\_DSF0285.JPG
88335.4140625
5824 4368
0.00451903743669 -0.0109282843769 0.550872564316
-0.0103490315378 -0.000242882408202 -0.550902247429
0.0188166626586 -0.0095363779788 -0.106830256353
0.998518225939 0.00940368386297 -0.00476583363042 -0.0533887425191
0.994254112244 0.106529645622 -0.0105216586962
-0.106708884239 0.994122743607 -0.0182704608887
0.00851342827082 0.0192885380238 0.99977773428
0.01548755535
35.6870602778 139.796569167 0

00000026.jpg
C:\Users\jamis\Downloads\mannen02\mannen02_vsfm\img\_DSF0284.JPG
88695.34375
5824 4368
-0.00735989073291 -0.00454622879624 0.551551997662
-6.02346844971e-005 -0.000337698962539 -0.551619768143
0.0095313934598 -0.0130450531643 -0.103535907404
0.998627711999 0.00476351656092 -0.00651954271411 -0.0517442713541
0.994559764862 0.10328438133 -0.0135141611099
-0.103408671916 0.994599819183 -0.00883932504803
0.0125282229856 0.0101885935292 0.999869644642
0.0640490870366
35.6870602778 139.796569167 0

00000027.jpg
C:\Users\jamis\Downloads\mannen02\mannen02_vsfm\img\_DSF0283.JPG
87986.34375
5824 4368
-0.0206728205085 -0.00719452276826 0.542042136192
0.00953049957752 -0.0023550176993 -0.542395174503
0.0204547868981 -0.0200718913096 -0.102665549789
0.998580260063 0.0102225529112 -0.0100311957275 -0.0513084795311
0.99453407526 0.102266214788 -0.0210829097778
-0.102676324546 0.994526088238 -0.0193867981434
0.0189849063754 0.0214453600347 0.999589979649
0.227134116127
35.6870602778 139.796569167 0

00000028.jpg
C:\Users\jamis\Downloads\mannen02\mannen02_vsfm\img\_DSF0274.JPG
87073.0546875
5824 4368
-0.062314286828 -0.251043498516 0.665837585926
0.0221585594118 -0.713932275772 -0.00746114552021
-0.122449260181 1.72287072953 2.51772384821
0.044159178084 -0.0400655005096 0.563724745988 0.823801352285
-0.992889285088 -0.11793024838 -0.016227228567
0.0275833141059 -0.360522598028 0.932342767715
-0.115801714361 0.925265729427 0.361212015152
4.1984986237e-005
35.6817133333 139.791763889 0

00000029.jpg
C:\Users\jamis\Downloads\mannen02\mannen02_vsfm\img\_DSF0275.JPG
89681.6015625
5824 4368
-0.0523416250944 -0.249563232064 0.691167414188
0.0342295654118 -0.735800623894 -0.0126249939203
-0.125786224264 1.73324541516 2.51362272961
0.0428302439931 -0.041123908977 0.566658448527 0.821791042221
-0.992948770523 -0.117000840604 -0.0190494265407
0.0237892027944 -0.354106932878 0.934902429581
-0.116129904985 0.927857041359 0.354393422604
0.0831868795334
35.6817133333 139.791763889 0

00000030.jpg
C:\Users\jamis\Downloads\mannen02\mannen02_vsfm\img\_DSF0273.JPG
88406.515625
5824 4368
-0.0748259350657 -0.254385769367 0.676226854324
0.0133724808693 -0.726161718369 -0.0102255493402
-0.123724980617 1.71760614549 2.51739753028
0.0457915827577 -0.040523314342 0.562562979622 0.824516527987
-0.99252218008 -0.121105276048 -0.0153024103492
0.0299183912575 -0.362879753113 0.931355714798
-0.1183450073 0.923933207989 0.363789409399
-0.017460814869
35.6817133333 139.791763889 0

00000031.jpg
C:\Users\jamis\Downloads\mannen02\mannen02_vsfm\img\_DSF0276.JPG
89757.7578125
5824 4368
-0.0402887761593 -0.250010401011 0.692709326744
0.0448922775686 -0.736079275608 -0.012116804719
-0.135978470941 1.73772438163 2.51865364107
0.0392694712166 -0.0443591571456 0.566883774964 0.821640013208
-0.992979943752 -0.114827379584 -0.0283774379641
0.0142340958118 -0.354175776243 0.935070574284
-0.1174223423 0.928102731705 0.353324085474
0.0171637027037
35.6817133333 139.791763889 0

00000032.jpg
C:\Users\jamis\Downloads\mannen02\mannen02_vsfm\img\_DSF0277.JPG
89612.0078125
5824 4368
-0.0274146404117 -0.251019567251 0.691882014275
0.0552327595651 -0.734358906746 -0.0113777667284
-0.148176474725 1.74112810878 2.52723219454
0.0345488098859 -0.0481981830272 0.566346388091 0.822046820121
-0.99296683073 -0.111393228173 -0.0401062741876
0.00220972904935 -0.356132894754 0.934432804585
-0.118372648954 0.927772045135 0.353874206543
-0.00397559022081
35.6817133333 139.791763889 0

00000033.jpg
C:\Users\jamis\Downloads\mannen02\mannen02_vsfm\img\_DSF0278.JPG
90125.859375
5824 4368
-0.014573931694 -0.25179028511 0.696636795998
0.066299661994 -0.737803936005 -0.0127757787704
-0.157624996225 1.74336611606 2.53469424543
0.0305499096312 -0.0511450337171 0.565674993958 0.822439497224
-0.992901265621 -0.108117669821 -0.0495703369379
-0.0076158605516 -0.358121186495 0.933643996716
-0.118695616722 0.927394092083 0.35475564003
0.00411805426481
35.6817133333 139.791763889 0

00000034.jpg
C:\Users\jamis\Downloads\mannen02\mannen02_vsfm\img\_DSF0279.JPG
90787.578125
5824 4368
-0.0015418821713 -0.251415461302 0.702824831009
0.077362023294 -0.742271363735 -0.0149512887001
-0.161597926322 1.74596489305 2.53999181569
0.0275170420813 -0.0523356659965 0.56545425776 0.822610576292
-0.993006944656 -0.10446408391 -0.0549927428365
-0.0139208445325 -0.358960032463 0.933249354362
-0.11723125726 0.927488863468 0.354995727539
0.0215600459699
35.6817133333 139.791763889 0

00000035.jpg
C:\Users\jamis\Downloads\mannen02\mannen02_vsfm\img\_DSF0280.JPG
89322.46875
5824 4368
0.0114136496559 -0.249852985144 0.691086471081
0.0863774120808 -0.72979670763 -0.00963346660137
-0.164329588014 1.75199059702 2.54222524062
0.0248960599264 -0.0531337403016 0.56648236339 0.821994002152
-0.993114709854 -0.101123087108 -0.0591384880245
-0.0192654393613 -0.356967836618 0.933918118477
-0.115551203489 0.928626835346 0.352561801672
0.163076737724
35.6817133333 139.791763889 0

00000036.jpg
C:\Users\jamis\Downloads\mannen02\mannen02_vsfm\img\_DSF0281.JPG
89430.0546875
5824 4368
0.0242204722017 -0.245573595166 0.693334162235
0.0966438874602 -0.729506731033 -0.00922948122025
-0.165903796295 1.76238529289 2.54130471914
0.0223438695091 -0.0535575296244 0.568938171646 0.820391129191
-0.993265688419 -0.0975950881839 -0.062439892441
-0.0242722388357 -0.351684808731 0.935803949833
-0.113289013505 0.93101722002 0.346947491169
0.21671796019
35.6817133333 139.791763889 0

00000037.jpg
C:\Users\jamis\Downloads\mannen02\mannen02_vsfm\img\_DSF0282.JPG
89260.3125
5824 4368
0.0379448235035 -0.243825733662 0.692577719688
0.10688790679 -0.727370500565 -0.0078748613596
-0.159819885355 1.76761513018 2.54102831484
0.0210028349234 -0.0515503490424 0.570149182193 0.819615758486
-0.993802011013 -0.0932175517082 -0.0605624653399
-0.0243605338037 -0.348937749863 0.936829209328
-0.108461461961 0.932498395443 0.344504237175
0.0950725760912
35.6817133333 139.791763889 0

