# Bundle file v0.3
48 8936
89779.5078125 0 0
0.999589979649 0.0159642156214 -0.0238152891397
0.0156105281785 -0.999768733978 -0.0149651160464
-0.0240486860275 0.0145872496068 -0.999607563019
-0.0016732198419 0.000690265907906 0.0360427796841
88143.6015625 0 0
-0.997691869736 -0.0467820130289 0.0492735952139
-0.0661619454622 0.503911674023 -0.861216723919
0.0154598783702 -0.862487494946 -0.505842983723
-0.0349731221795 0.885742902756 -0.41808950901
88736.6484375 0 0
0.999687433243 0.0114984493703 -0.0222489070147
0.0111707737669 -0.999830842018 -0.0147991720587
-0.0224152896553 0.0145460162312 -0.999645352364
0.0105330627412 0.000476021814393 0.0474431104958
89094.5 0 0
0.999855339527 0.0113054849207 -0.0127753037959
0.011160152033 -0.999874889851 -0.0113938273862
-0.0129025289789 0.0112496158108 -0.99985563755
0.0347824804485 0.0012844207231 0.0436029434204
89380.765625 0 0
0.999837577343 0.0109172919765 -0.0143622392789
0.0107318637893 -0.99985986948 -0.0129271233454
-0.0145013863221 0.012770909816 -0.999815106392
0.0224557127804 0.0013718851842 0.040601156652
88336.859375 0 0
0.999720931053 0.0233105011284 -0.00426024664193
0.02321918495 -0.999524652958 -0.0203507095575
-0.00473265862092 0.0202461257577 -0.999786317348
-0.00391827244312 0.00236912840046 0.100233539939
88955.8359375 0 0
0.999928534031 0.0120324250311 -0.00101168116089
0.0120118511841 -0.999761760235 -0.0183571595699
-0.00123231625184 0.0183436311781 -0.999832093716
0.00935739930719 0.00200493331067 0.0938676446676
89568.5546875 0 0
-0.997104227543 -0.0472994744778 0.0595496408641
-0.0753099545836 0.505260765553 -0.859674155712
0.0105740157887 -0.861669957638 -0.507360041142
-0.0549902692437 0.883946418762 -0.430028855801
89687.5 0 0
-0.998751461506 -0.0421205200255 0.0268967859447
-0.0446298792958 0.509538829327 -0.85928940773
0.0224887188524 -0.859415948391 -0.510781824589
-0.047085031867 0.877148509026 -0.448723047972
89876.3203125 0 0
-0.998526155949 -0.0447148494422 0.0307822860777
-0.0489805825055 0.497604846954 -0.866019845009
0.023406535387 -0.866250514984 -0.499061256647
-0.0347853079438 0.872657179832 -0.464703142643
89152.7109375 0 0
-0.998222231865 -0.0473750047386 0.0362006872892
-0.0549578033388 0.495672255754 -0.866768717766
0.0231195054948 -0.867216587067 -0.497394025326
-0.0232464689761 0.872689723969 -0.460261702538
89435.046875 0 0
0.999998271465 0.00189332652371 0.000115679904411
0.00189417565707 -0.999971091747 -0.00745203206316
0.000101543519122 0.00745225977153 -0.999973297119
0.0224008448422 0.0006948543014 0.0894138664007
89503.96875 0 0
-0.998039424419 -0.0488495826721 0.0391591191292
-0.0583406053483 0.498692184687 -0.864814043045
0.0227174013853 -0.86540210247 -0.50056374073
-0.00992665719241 0.875574290752 -0.462301850319
88080.4140625 0 0
-0.997953414917 -0.0457844957709 0.0446556769311
-0.0616594180465 0.503341794014 -0.861883997917
0.0169838760048 -0.86287432909 -0.505134880543
-0.0179538931698 0.886518836021 -0.419166654348
88829.625 0 0
0.999230146408 0.0354416929185 -0.0168748963624
0.0349825844169 -0.999030888081 -0.0267633758485
-0.0178070440888 0.0261523909867 -0.999499499798
-0.0160373207182 0.00214929296635 0.0946932509542
89667.265625 0 0
0.999246001244 0.0319401621819 -0.0221000388265
0.0314042568207 -0.999215304852 -0.0241864603013
-0.0228551831096 0.0234741400927 -0.999463260174
-0.0141458017752 0.000117918345495 0.0367548167706
89815.4921875 0 0
-0.998736083508 -0.0397884808481 0.0307087749243
-0.0465018749237 0.49966827035 -0.864968061447
0.0190715137869 -0.865302741528 -0.500887036324
0.0194447580725 0.876284718513 -0.466861575842
88860.4453125 0 0
-0.998204469681 -0.0442748814821 0.0403744988143
-0.0571097545326 0.499069362879 -0.864679396152
0.0181338042021 -0.865429878235 -0.50070142746
0.000206260840059 0.884800851345 -0.432520836592
91155.671875 0 0
-0.99832457304 -0.0422386452556 0.039561457932
-0.0552634634078 0.492852598429 -0.868356645107
0.01718021743 -0.869087517262 -0.494360744953
0.0171883627772 0.881579458714 -0.46318936348
91660.9765625 0 0
-0.998140752316 -0.0442007929087 0.0420039147139
-0.0582936815917 0.489660382271 -0.869962930679
0.0178853422403 -0.870792150497 -0.491325438023
0.028472777456 0.881896317005 -0.472404628992
90794.796875 0 0
-0.999145686626 -0.0304556749761 0.0279343705624
-0.0393236018717 0.492759734392 -0.869276344776
0.0127094350755 -0.869632363319 -0.493536710739
0.0462841056287 0.872425794601 -0.485683590174
88142.0234375 0 0
0.999261081219 0.0326211489737 -0.0203792303801
0.0321194827557 -0.999185740948 -0.0244777388871
-0.0211610756814 0.0238050296903 -0.999493062496
-0.026958072558 -0.000145284429891 0.0530636906624
90255.671875 0 0
0.998588263988 0.0495006479323 -0.0192867834121
0.0488811582327 -0.998311817646 -0.03136530146
-0.0208068303764 0.0303782559931 -0.999322474003
-0.0286596119404 0.00169832911342 0.0807834938169
89467.359375 0 0
0.999532997608 0.0224651414901 -0.0207253228873
0.0221784096211 -0.999656438828 -0.0139618832618
-0.0210318546742 0.013495712541 -0.999687850475
-0.0393036156893 -0.000554407306481 0.0387076586485
89919.8203125 0 0
0.998563170433 0.0502532236278 -0.0186413824558
0.0496502183378 -0.998269736767 -0.0315141044557
-0.0201928149909 0.0305432714522 -0.99933052063
-0.0425378121436 0.0011530353222 0.0850346907973
90703.125 0 0
0.999635636806 0.0156130120158 -0.0220584869385
0.0153781007975 -0.999824881554 -0.0107794711366
-0.0222228989005 0.0104363216087 -0.999699354172
-0.0507623925805 -0.000376758049242 0.0259805731475
89253.0078125 0 0
0.998659849167 0.0472476184368 -0.0211337674409
0.0471322126687 -0.998871922493 -0.00592726282775
-0.0213899575174 0.00492325006053 -0.99975925684
-0.0547159016132 -0.00192272337154 0.0918306559324
90319.5 0 0
0.999680459499 0.0144814047962 -0.0207592640072
0.014236711897 -0.999828398228 -0.0118863750249
-0.0209277961403 0.0115870125592 -0.999713480473
-0.0641798824072 -0.000107927451609 0.0298153571784
89758.4375 0 0
0.998895466328 0.0418584235013 -0.0213691852987
0.0417949594557 -0.999120533466 -0.00340749323368
-0.0214930064976 0.00251059001312 -0.999766051769
-0.0682362094522 -0.00100745726377 0.0868438780308
90289.0234375 0 0
-0.999206960201 -0.0284767728299 0.0278674233705
-0.0382642000914 0.490859538317 -0.870397806168
0.011107117869 -0.870773494244 -0.491559714079
0.0646981969476 0.871198832989 -0.484733581543
90456.46875 0 0
0.999650776386 0.0154826045036 -0.0214033164084
0.0152040570974 -0.999798178673 -0.0131162274629
-0.0216020904481 0.0127862393856 -0.999685049057
-0.0764628946781 0.000373412505724 0.0283198487014
90646.1796875 0 0
-0.997806251049 -0.047741625458 0.0458566509187
-0.063846051693 0.511072337627 -0.857162833214
0.0174862835556 -0.85821044445 -0.512999534607
0.0377784073353 0.894154727459 -0.441057413816
88101.4375 0 0
-0.997235417366 -0.0525660179555 0.052524458617
-0.0717258825898 0.496112287045 -0.865290462971
0.0194268412888 -0.866665542126 -0.498511463404
0.0449534729123 0.89065861702 -0.432175248861
89667.78125 0 0
-0.998876035213 -0.0361020602286 0.0307197775692
-0.0444770343602 0.489617824554 -0.870802104473
0.0163967981935 -0.871189713478 -0.49067312479
0.0739835053682 0.87170034647 -0.481235176325
89186.7578125 0 0
-0.99846726656 -0.0414738096297 0.0366658940911
-0.0523126237094 0.490258127451 -0.870006263256
0.0181067157537 -0.87059032917 -0.491675913334
0.0830786526203 0.874232709408 -0.47669750452
90261.921875 0 0
-0.997491359711 -0.0475123263896 0.0524821467698
-0.0692215040326 0.499199450016 -0.86371743679
0.0148381590843 -0.865183413029 -0.501235961914
0.0627887323499 0.891450881958 -0.450918644667
88566.109375 0 0
0.998645782471 0.0463391467929 -0.0236584991217
0.0461407788098 -0.99889588356 -0.00886304676533
-0.024043077603 0.00775941833854 -0.999680817127
-0.0811962261796 0.000455126632005 0.0989882349968
90489.6875 0 0
0.999619483948 0.0161069519818 -0.0224018953741
0.0158829670399 -0.999822378159 -0.0101406276226
-0.022561263293 0.00978096853942 -0.999698102474
-0.0890269950032 -0.000222778588068 0.0279847793281
92016.6640625 0 0
0.999713897705 0.0118211908266 -0.0208137072623
0.0112912002951 -0.999614059925 -0.0253997333348
-0.0211059134454 0.0251574404538 -0.999460935593
-0.102385692298 0.00378812267445 0.0102102346718
88701.03125 0 0
0.997663617134 0.0627360790968 -0.027057621628
0.0619905740023 -0.997696578503 -0.0275638177991
-0.0287245120853 0.0258220843971 -0.999253928661
-0.0970453023911 -0.00159454229288 0.0977738648653
89628.015625 0 0
0.999862074852 0.00500356825069 -0.0158471670002
0.00478339660913 -0.999892473221 -0.0139014907181
-0.0159150045365 0.0138237597421 -0.999778032303
-0.115049347281 -0.000438600516645 0.0358451828361
89140.421875 0 0
0.996802687645 0.0714565590024 -0.0357624478638
0.0704626142979 -0.997112154961 -0.0283228550106
-0.0376830250025 0.025712383911 -0.998959183693
-0.107926718891 -0.00210274802521 0.0948114544153
89527.4609375 0 0
0.996778488159 0.0685547664762 -0.0416469313204
0.0674268677831 -0.99733453989 -0.0279105901718
-0.0434492938221 0.0250125341117 -0.998742938042
-0.121058739722 -0.00188255438115 0.0925057977438
89603.3359375 0 0
-0.998404502869 -0.0366230942309 0.0429813861847
-0.0554199665785 0.489530235529 -0.870223641396
0.0108295818791 -0.871217131615 -0.490778744221
0.101027153432 0.87518376112 -0.482020765543
90333.109375 0 0
-0.998306334019 -0.0364709943533 0.045323446393
-0.0573806390166 0.488988518715 -0.870401322842
0.00958174839616 -0.871527433395 -0.490253001451
0.11722215265 0.875786364079 -0.49269515276
92307.796875 0 0
-0.997971832752 -0.0411959327757 0.0485317967832
-0.0626520290971 0.500562667847 -0.863430202007
0.0112766241655 -0.864719808102 -0.50212842226
0.0843018740416 0.892686069012 -0.470679610968
91555.6015625 0 0
-0.998368918896 -0.0372622795403 0.0432540327311
-0.0560694076121 0.497266441584 -0.865784525871
0.0107523147017 -0.866797208786 -0.498544633389
0.10469032079 0.891130566597 -0.467479854822
91546.109375 0 0
-0.998769283295 -0.0296826027334 0.0397368855774
-0.0491580404341 0.485787272453 -0.872693419456
0.00660015270114 -0.873573124409 -0.486648529768
0.127154648304 0.885157704353 -0.478582173586
0.0517178252339 -0.0396494306624 0.98008865118
219 234 253
6 4 9398 5667.296875 2744.09130859 26 7667 -2575.28149414 3443.78369141 23 7583 -834.422851563 2519.73486328 5 9519 4278.86230469 2331.91601563 21 7641 329.088867188 1627.34716797 28 7725 -3932.98876953 3755.97314453
0.021134044975 0.00910040829331 0.970836222172
165 151 132
9 11 6812 4429.18945313 -1580.95410156 24 6578 -3967.09741211 -3805.11083984 21 5905 -2432.89624023 -3106.45361328 22 5954 -2621.99316406 -3735.01367188 23 7408 -3656.89697266 -2182.40478516 26 6243 -5449.23144531 -1601.77148438 4 7266 2856.13085938 -1923.89111328 6 7613 3006.81640625 -2502.51708984 2 8384 978.604980469 -2186.61181641
0.0482566952705 -0.032437928021 0.99551987648
128 126 129
8 7 1506 -4177.85742188 800.167724609 19 1123 2313.26318359 -279.971679688 13 1380 -1988.63354492 906.989990234 17 1305 -623.775878906 496.282958984 18 1214 960.87890625 -152.814453125 1 1483 -3212.796875 872.372070313 31 965 3615.703125 2079.01489258 32 1113 4983.015625 951.014160156
0.0118781495839 -0.00161982094869 0.982031941414
46 54 53
11 11 7831 3444.24609375 -499.234863281 24 6513 -4917.56787109 -2766.23974609 14 6691 -2083.01416016 -2213.59814453 15 6304 -2280.828125 -2052.69921875 22 6155 -3589.85449219 -2697.20166016 4 9724 1920.42285156 -907.853515625 25 6721 -5744.15966797 -868.297851563 5 7219 372.984375 -1575.06689453 6 7943 2025.21289063 -1428.48779297 0 7643 -1252.83398438 -1157.19091797 2 8803 51.7993164063 -1168.41796875
0.140761733055 -0.103031091392 0.991589486599
99 97 102
4 31 1039 -5517.85302734 -1839.17236328 47 1658 3053.52441406 -3909.85058594 35 1380 -2177.95532227 -2757.65234375 46 1564 1142.40478516 -2786.28417969
0.0103011066094 -0.0643240362406 0.993497252464
231 227 231
9 8 351 -2781.73608398 -975.829101563 16 241 4173.22949219 -1548.73291016 10 298 545.018066406 -2074.24414063 12 272 2164.03808594 -1615.37109375 13 304 1941.48535156 -282.759277344 18 263 4962.56054688 -1355.06933594 9 287 -1152.70751953 -2014.22265625 1 304 683.821777344 -304.108886719 7 319 -313.533203125 -345.51953125
0.0150995198637 -0.0317039340734 0.996497452259
109 125 153
6 11 6835 3701.02929688 2464.52490234 24 6057 -4694.09570313 208.349609375 14 5927 -1859.64111328 755.885009766 22 5085 -3384.92553711 279.455078125 5 6051 610.377929688 1393.18725586 6 6490 2272.00683594 1536.63061523
0.0157327000052 -0.023073380813 0.992446839809
130 132 137
3 11 4489 3783.40332031 1623.9284668 20 3256 5605.74707031 -216.015136719 14 3780 -1768.78491211 -80.30859375
0.0349091440439 -0.0473134331405 1.00785470009
245 240 236
10 8 3503 -5140.55175781 -1415.70800781 20 2394 3954.48339844 -2734.81787109 12 3116 -288.708984375 -2095.13427734 13 3092 -557.877441406 -806.660644531 15 3721 -277.100585938 2222.11206055 16 1998 1685.53076172 -2002.75878906 17 2469 810.260742188 -1218.24121094 21 4059 -1303.60595703 2174.47314453 25 5057 -3578.6418457 3377.64624023 31 1980 5083.65039063 381.674560547
0.011979601346 -0.0328256338835 0.99746799469
102 114 134
2 11 7034 3390.02050781 2570.28808594 24 5781 -5002.62109375 303.596191406
0.0269921310246 -0.000946245680097 0.98056358099
245 247 251
15 11 7471 4968.21875 -562.578125 24 5528 -3404.0703125 -2757.92285156 14 7022 -566.884765625 -2227.78417969 15 7051 -843.069335938 -2069.53515625 21 6527 -1899.87231445 -2123.41650391 22 5997 -2072.92724609 -2687.62255859 23 6539 -3101.25268555 -1205.31494141 25 6275 -4312.62890625 -908.303222656 26 5504 -4871.62158203 -555.091308594 2 9088 1490.69140625 -1215.69140625 4 8410 3362.265625 -955.920410156 5 9203 1891.04150391 -1608.30810547 6 8205 3545.91992188 -1478.62304688 0 8613 183.261230469 -1196.76416016 27 7232 -5466.52929688 -992.065917969
0.0198233481497 0.00330713926814 0.964456617832
46 61 58
7 9 7901 -2373.71704102 3610.56835938 19 5455 4739.74316406 4181.68212891 10 7289 -783.195800781 3526.56298828 12 6509 746.250976563 3967.18676758 16 5761 2745.20898438 4036.00195313 18 5267 3424.46582031 4314.62451172 20 6081 5017.02050781 3286.10302734
0.0102466186509 -0.0133028114215 0.986341774464
44 47 60
10 8 300 -2883.52490234 2133.37524414 16 213 3786.53125 1514.52832031 9 255 -1336.64746094 1080.16235352 10 259 269.311035156 1008.05786133 12 246 1809.05273438 1455.08740234 13 252 1605.02246094 2828.07421875 17 230 2953.90136719 2397.59033203 18 217 4518.54394531 1741.16430664 1 259 392.559570313 2813.27807617 7 259 -567.968261719 2780.06787109
0.04303413257 -0.0345560982823 0.995188117027
118 137 172
8 7 1481 -3664.5612793 762.314208984 19 1501 2841.06347656 -323.997070313 13 1458 -1470.45458984 863.178710938 17 1521 -102.251464844 450.75 18 1490 1485.29541016 -198.983886719 1 1591 -2694.82763672 830.825683594 31 1268 4144.04394531 2038.29614258 32 1463 5513.3359375 915.119140625
0.0110597144812 -0.0361041836441 0.99938839674
183 165 151
5 11 7489 3291.828125 2887.52148438 24 5309 -5101.28857422 612.119628906 14 6048 -2270.78735352 1161.77368164 22 5340 -3797.09179688 681.489013672 6 7464 1862.89257813 1953.53955078
0.0751900449395 -0.0267287157476 0.991327047348
53 64 86
17 0 4216 4636.54882813 1286.46875 39 4538 -5006.50830078 239.57421875 14 4424 4098.64453125 491.443359375 15 4120 3583.05761719 486.256835938 21 3714 2540.328125 437.930175781 22 4142 2571.4140625 97.2778320313 23 4087 1378.7109375 1309.08447266 24 4002 1260.60595703 34.8774414063 25 4041 197.672363281 1576.72412109 26 4055 -180.029296875 2225.1652832 27 4061 -935.715820313 1490.36401367 28 4051 -1528.88134766 2526.50244141 30 4082 -2149.39624023 1426.72412109 36 4137 -3052.12011719 2167.8359375 37 4470 -3421.03198242 1653.04077148 38 4595 -4511.30566406 577.523193359 40 4549 -5213.11132813 1203.13305664
0.0110655985773 -0.0361056998372 0.999506890774
183 165 151
4 11 7488 3291.828125 2887.52148438 24 5308 -5101.28857422 612.119628906 22 5339 -3797.09179688 681.489013672 23 7087 -4630.74755859 2029.82080078
0.123839080334 0.00440834462643 0.963390290737
46 58 60
6 19 3851 -5306.15869141 3748.77783203 43 6334 1742.55761719 3003.55322266 33 5255 -1903.30786133 2760.31298828 34 5444 -507.825683594 2973.52734375 44 6846 3463.67675781 3014.29541016 47 6987 4006.27832031 3898.13647461
0.126791924238 -0.0203035399318 0.985952496529
117 144 181
6 26 4925 4985.47949219 1840.24462891 42 6502 -3700.53173828 -56.4096679688 28 4895 3633.47070313 2109.71850586 36 4945 2107.61230469 1772.14672852 39 5622 149.851074219 -62.4497070313 41 5369 -1818.46948242 -84.4946289063
0.0262425877154 -0.0421822294593 1.00483417511
193 188 177
8 11 7515 4751.5 3460.45727539 24 5202 -3628.57519531 1257.09106445 14 5781 -806.310058594 1785.44677734 22 5380 -2334.56274414 1324.36474609 2 7671 1289.76074219 2599.97460938 26 5168 -5054.56201172 3467.74462891 5 6828 1664.16748047 2409.31542969 6 7119 3326.02246094 2541.28222656
0.0259098894894 -0.00716160796583 0.987624406815
98 104 108
4 11 6788 4819.64160156 54.4711914063 24 5157 -3528.06298828 -2145.79443359 22 5619 -2209.04638672 -2075.09863281 6 6600 3401.40234375 -861.400390625
0.110281907022 -0.00906885508448 0.977642893791
159 176 202
8 29 4466 -1696.24902344 1094.2043457 42 4662 -5284.88427734 -1278.10351563 36 4361 544.828613281 595.317138672 37 5348 -76.3583984375 65.0610351563 38 5319 -1195.62011719 -1015.99951172 39 4716 -1411.26025391 -1272.98046875 40 5360 -1930.69946289 -418.624023438 41 4687 -3381.16748047 -1307.99658203
0.020612731576 0.00477784546092 0.963928222656
53 61 70
6 9 8416 -2454.03076172 3713.90405273 19 5963 4649.60449219 4287.81347656 10 7333 -863.857910156 3630.73974609 12 6328 661.869628906 4070.98046875 16 5603 2660.36914063 4142.19238281 20 6108 4933.05957031 3390.54223633
0.0263304654509 -0.0046991254203 0.985888004303
178 175 164
7 11 7085 4871.0546875 -190.033203125 24 4913 -3478.32983398 -2386.83300781 14 5681 -648.470703125 -1855.49414063 22 5087 -2157.43164063 -2317.52001953 26 5112 -4935.96826172 -183.615234375 5 5577 1801.62890625 -1234.50146484 6 7123 3455.30859375 -1105.22070313
0.0234657116234 -0.0191698018461 0.988735854626
39 48 67
13 11 5463 4567.66308594 1244.47802734 24 4879 -3828.45214844 -965.292480469 14 4785 -988.741699219 -431.187988281 15 5662 -1240.04248047 -366.106445313 21 4621 -2288.07836914 -420.851074219 23 5666 -3459.55517578 501.704833984 25 6448 -4651.1015625 801.923583984 2 6008 1110.10888672 496.079833984 26 4673 -5280.95214844 1241.52587891 5 5311 1478.62451172 194.028808594 0 5037 -195.131347656 509.981689453 22 5400 -2507.5949707 -896.081054688 27 6156 -5791.48632813 720.007568359
0.0176216606051 -0.0310999788344 0.996346771717
178 175 168
6 11 6594 3951.4765625 2405.28808594 24 4868 -4442.57666016 163.739746094 14 4856 -1609.14111328 706.778076172 22 5048 -3134.76123047 231.590820313 5 6108 859.649902344 1339.57495117 6 6447 2520.75097656 1479.78393555
0.0198233481497 0.00330713926814 0.964456617832
46 61 58
7 9 7900 -2373.71704102 3610.56835938 19 5454 4739.74316406 4181.68212891 10 7288 -783.195800781 3526.56298828 12 6508 746.250976563 3967.18676758 16 5760 2745.20898438 4036.00195313 18 5266 3424.46582031 4314.62451172 20 6080 5017.02050781 3286.10302734
0.144471794367 0.00701324921101 0.975569546223
172 156 131
6 29 6494 -4908.76953125 1859.50415039 42 5631 -1731.80859375 -2655.53613281 36 4054 4062.23632813 -861.122558594 45 7234 -1225.09228516 4287.12402344 33 6553 -3777.18994141 1782.77075195 46 6884 231.854980469 4004.38354492
0.133762970567 -0.0201010908931 0.987092971802
77 81 91
7 31 1034 -4832.50732422 2855.29833984 47 1692 3245.43066406 717.293945313 32 1276 -3464.81738281 1655.83496094 33 1186 -2707.75146484 -349.439453125 35 1348 -1741.48535156 1909.45874023 45 1398 -43.3833007813 2140.75830078 46 1417 1421.27783203 1853.25146484
0.0237848237157 -0.0296118818223 0.980597257614
51 70 106
12 9 1475 -2617.60644531 726.350830078 19 1263 4664.85644531 1278.46191406 10 1488 -976.048339844 652.450927734 12 1386 596.748535156 1099.59106445 13 1345 343.715820313 2475.01904297 16 1375 2599.76074219 1176.78198242 17 1368 1719.66845703 2055.7253418 18 1301 3310.96679688 1403.00976563 20 1402 4887.18066406 435.868652344 1 1497 -892.903808594 2452.6730957 7 1484 -1878.16967773 2403.08154297 8 1747 -4197.85107422 1785.04223633
0.0535868629813 -0.0333744883537 0.994495928288
67 90 126
7 9 7661 -5427.27099609 -756.141113281 19 5939 1795.69433594 -268.747558594 20 6169 2064.29833984 -1019.24755859 29 6365 3805.76855469 -1228.05761719 31 5360 3098.64550781 2088.22143555 32 6024 4470.64941406 955.709472656 33 6750 4982.54492188 -1245.64599609
0.0255385097116 -0.0109748002142 0.980875730515
253 255 253
6 11 5780 4817.74804688 442.456542969 24 4715 -3597.5690918 -1759.62158203 14 4611 -747.384765625 -1227.31787109 22 4954 -2269.14257813 -1689.53027344 5 5112 1722.4453125 -605.4765625 6 6039 3386.42773438 -473.340332031
0.119211614132 -0.00144384417217 0.982679903507
141 140 150
5 31 1008 -3466.65209961 4187.06103516 47 1883 4523.63964844 2013.68725586 32 1172 -2134.65014648 2983.43212891 35 1339 -431.126464844 3236.35913086 46 1723 2706.14941406 3157.0378418
0.049147170037 -0.0113668777049 0.980050504208
251 251 250
14 7 7111 -4405.05761719 3125.87866211 19 5306 2046.68994141 2029.59204102 13 6761 -2214.73754883 3226.74829102 17 6024 -855.89453125 2814.61376953 18 5518 717.671386719 2162.17138672 20 5749 2355.07666016 1225.89428711 9 8162 -5071.71533203 1511.22021484 12 7331 -1903.67993164 1851.46044922 16 6075 85.7602539063 1952.93164063 1 7145 -3432.99780273 3196.81005859 29 5817 4080.578125 1010.79443359 10 8434 -3454.06298828 1416.56445313 32 5270 4655.41699219 3237.88623047 33 6402 5223.50976563 987.387451172
0.0491488091648 -0.0113483220339 0.980053305626
251 251 250
8 7 7110 -4405.05761719 3125.87866211 19 5305 2046.68994141 2029.59204102 13 6760 -2214.73754883 3226.74829102 17 6023 -855.89453125 2814.61376953 18 5517 717.671386719 2162.17138672 20 5748 2355.07666016 1225.89428711 1 7144 -3432.99780273 3196.81005859 32 5269 4655.41699219 3237.88623047
0.0207024402916 -0.0102884406224 0.9812489748
48 56 72
6 8 3437 -3902.56640625 2652.56933594 20 1829 5038.93261719 1282.74316406 12 2064 789.159667969 1956.36547852 16 1814 2772.76171875 2027.16113281 18 1724 3471.03613281 2259.98828125 19 1783 4799.27832031 2132.765625
0.0726999863982 -0.0334794186056 0.994331121445
65 85 129
5 10 3099 -5619.66552734 -940.732421875 29 2501 1982.92285156 -1288.78515625 12 3137 -4037.27197266 -510.713867188 16 2771 -2045.45849609 -373.365722656 20 2591 233.2734375 -1081.55810547
0.0217927005142 0.00966218207031 0.969491779804
58 72 67
12 2 8826 1044.87548828 -2240.17724609 26 6400 -5386.66699219 -1657.75488281 14 6976 -1045.29638672 -3320.75097656 15 7454 -1296.43798828 -3105.22265625 21 7216 -2368.27416992 -3158.84765625 22 6402 -2551.44482422 -3789.78613281 23 7064 -3594.43920898 -2236.46337891 24 6223 -3900.61621094 -3860.63671875 25 7919 -4825.48486328 -1939.25537109 0 8191 -271.616699219 -2223.74365234 5 8411 1418.99853516 -2693.97460938 6 8338 3077.37597656 -2558.33154297
0.00729050347582 -0.0232378877699 0.993435442448
54 63 83
2 14 7975 -2603.90698242 -95.6215820313 18 6652 4896.95605469 689.618896484
0.0273738149554 -0.0577743165195 1.01393425465
218 210 203
12 8 266 -4375.89648438 -2428.39013672 16 193 2480.58496094 -2997.64599609 9 245 -2770.88867188 -3468.90576172 10 226 -1084.95654297 -3543.44824219 12 216 513.887207031 -3085.41699219 13 228 264.624023438 -1813.50048828 17 217 1635.47753906 -2230.83837891 18 196 3233.50488281 -2878.02490234 7 234 -1918.75244141 -1901.92285156 19 175 4613.36816406 -2996.39501953 20 195 4755.20996094 -3734.54980469 1 235 -962.631347656 -1840.39941406
0.0385158360004 -0.0472766943276 1.01384747028
72 86 86
6 7 1419 -3053.47875977 -1427.34082031 19 1164 3425.29882813 -2515.95019531 17 1358 475.138671875 -1745.33398438 18 1141 2055.67333984 -2395.01074219 1 1511 -2102.95776367 -1365.56787109 31 934 4739.67578125 -149.190429688
0.136650845408 0.0124459872022 0.963018357754
62 62 72
4 29 4960 -4233.07226563 3162.30664063 47 6268 2732.48925781 4212.27001953 34 5475 -1727.64355469 3286.61352539 44 7449 2223.57910156 3322.73730469
0.0237147286534 0.00504998164251 0.96919375658
73 89 72
7 9 1527 -2725.01611328 3275.44824219 19 1029 4358.87011719 3828.92675781 10 1355 -1137.42236328 3187.88110352 12 1227 386.250488281 3626.99926758 16 1106 2376.76855469 3699.16113281 18 1101 3048.43359375 3961.7878418 20 1138 4640.86914063 2951.55761719
0.0400543361902 -0.0114344861358 0.980145275593
77 92 95
5 10 3085 -2587.93530273 1452.86376953 29 2413 4940.28222656 1032.90991211 12 3012 -1042.703125 1890.49633789 16 2723 947.803222656 1982.13427734 20 2551 3217.35449219 1249.07885742
0.0300973523408 -0.0321891456842 0.996563255787
46 55 76
3 8 7948 -4725.55957031 296.647460938 19 4911 4097.27734375 -253.375 13 3991 -201.577148438 937.675292969
0.0259177088737 -0.0553465560079 1.00486946106
212 203 188
8 7 6990 -1844.94873047 -989.322753906 19 4801 4720.19921875 -2088.06835938 10 6313 -989.814453125 -2658.08398438 12 4278 610.517089844 -2199.35498047 13 5379 359.830078125 -903.471191406 17 3917 1738.67285156 -1318.95361328 1 6065 -875.112792969 -931.787109375 9 7713 -2671.12866211 -2587.85009766
0.00751858484 -0.0446670055389 0.991305649281
87 72 70
4 11 7113 2967.68652344 3764.27880859 24 4626 -5524.06787109 1475.5625 14 4899 -2655.60498047 2029.11523438 5 6307 -164.777832031 2675.16430664
0.0316905640066 0.00253433152102 0.980619609356
240 238 234
11 11 5149 5439.04199219 -910.43359375 24 4544 -2916.33618164 -3081.03564453 14 5001 -84.2509765625 -2557.47558594 22 4660 -1586.60351563 -3010.36132813 25 4998 -3860.21533203 -1234.49560547 2 5524 1941.32226563 -1545.13574219 26 4474 -4382.44335938 -881.269042969 5 5315 2372.1484375 -1942.73779297 6 5511 4022.17675781 -1819.82470703 0 5079 635.986328125 -1527.54492188 28 4413 -5763.90283203 -558.194335938
0.0356008075178 -0.0468565523624 1.00754463673
112 120 141
11 7 6981 -2812.6796875 -853.200195313 19 5123 3694.25390625 -1944.33544922 9 7675 -3613.74145508 -2421.73974609 10 6560 -1946.88549805 -2501.03027344 12 6271 -358.935058594 -2050.35302734 13 6742 -630.2578125 -757.921875 16 5768 1612.35302734 -1958.09423828 17 5963 736.337890625 -1173.10205078 18 5327 2326.36572266 -1822.71826172 20 6165 3883.95410156 -2689.77392578 29 5381 5628.25390625 -2897.32324219
0.0566544532776 -0.0328170768917 0.995360136032
137 134 137
14 7 1382 -5006.35351563 731.525390625 19 1053 1492.06396484 -333.369140625 12 1423 -2491.27929688 -469.069824219 13 1236 -2815.41992188 850.588867188 16 1347 -506.702636719 -355.016113281 17 1202 -1448.13183594 443.848876953 18 1081 139.348144531 -204.2109375 20 1366 1768.68359375 -1074.00585938 10 1637 -4069.16894531 -908.724609375 1 1345 -4040.24072266 812.634277344 29 1322 3510.29980469 -1283.13330078 31 832 2797.07910156 2022.15576172 32 1021 4168.57226563 887.959960938 33 1369 4686.60546875 -1302.27929688
0.138000145555 -0.0915805250406 0.982922434807
167 161 159
9 29 6450 -4398.19824219 -3520.52880859 47 6231 3249.47363281 -2499.43554688 31 4127 -5291.60205078 -416.918945313 33 5681 -3087.88305664 -3581.59375 34 6513 -1511.05761719 -3355.06640625 35 5059 -1980.92944336 -1336.60644531 43 6006 898.706542969 -3313.29492188 45 6361 -204.428222656 -1097.84521484 32 5277 -3801.87207031 -1592.14892578
0.0566544532776 -0.032817080617 0.995360136032
137 134 137
14 7 1381 -5006.35351563 731.525390625 19 1052 1492.06396484 -333.369140625 10 1636 -4069.16894531 -908.724609375 12 1424 -2491.27929688 -469.069824219 13 1235 -2815.41992188 850.588867188 16 1348 -506.702636719 -355.016113281 17 1201 -1448.13183594 443.848876953 18 1080 139.348144531 -204.2109375 20 1367 1768.68359375 -1074.00585938 1 1346 -4040.24072266 812.634277344 29 1323 3510.29980469 -1283.13330078 31 831 2797.07910156 2022.15576172 32 1020 4168.57226563 887.959960938 33 1370 4686.60546875 -1302.27929688
0.0237451791763 -0.0112081281841 0.980782210827
109 134 167
7 11 6367 4637.61328125 465.706542969 24 4489 -3779.77539063 -1744.79882813 14 4801 -927.713378906 -1209.60693359 22 4947 -2448.65185547 -1676.06787109 26 4477 -5244.44580078 459.846923828 5 6019 1541.89306641 -585.162109375 6 6399 3207.62109375 -453.073730469
0.132726863027 0.0122903157026 0.964437484741
206 182 175
5 29 4475 -3857.8581543 3049.14038086 47 3659 3109.87109375 4104.90380859 33 4214 -2741.24707031 2975.38818359 34 3830 -1357.29492188 3184.99609375 44 3903 2593.23046875 3219.62548828
0.0166114475578 -0.0314283855259 0.996511042118
59 66 76
6 11 5972 3851.10546875 2436.74121094 24 4483 -4543.16699219 191.215332031 14 5091 -1710.19042969 734.504638672 22 4855 -3235.93334961 258.704101563 5 5845 761.591308594 1368.00048828 6 6527 2419.04296875 1511.2109375
0.0183433108032 -0.0402138978243 0.995369791985
39 42 54
10 3 3268 3738.49609375 2842.78027344 23 2477 -3972.10595703 2441.77929688 4 3159 2437.89746094 2706.37670898 15 2687 -1785.64355469 1572.89013672 21 2630 -2823.56225586 1518.83496094 22 2231 -3107.20166016 1134.37036133 24 2367 -4419.23535156 1067.52758789 25 2744 -5143.34667969 2744.22436523 0 2679 -718.305664063 2460.60058594 2 2990 585.310546875 2447.17382813
0.0205930937082 -0.00938506051898 0.980019390583
46 52 66
13 11 6973 4326.07421875 281.897705078 24 4452 -4089.0612793 -1942.58496094 14 4975 -1236.57373047 -1403.22851563 15 5554 -1476.75830078 -1288.20947266 21 5498 -2534.44360352 -1340.86669922 22 4847 -2757.64135742 -1873.59619141 23 5248 -3728.23657227 -417.599121094 25 5524 -4935.28222656 -117.260253906 2 6417 876.035644531 -419.752929688 26 4842 -5554.9296875 263.497070313 5 5911 1232.66699219 -774.750488281 6 6588 2895.66015625 -638.628417969 0 6155 -435.100097656 -405.458984375
0.0130484839901 -0.0181680396199 0.989758849144
218 213 208
25 0 1718 -1174.34228516 398.295898438 1 1689 158.567382813 2276.68481445 2 1809 128.3984375 387.360107422 3 2091 3293.69140625 782.968505859 4 1997 1986.59960938 646.910888672 6 1794 2103.69824219 216.206054688 5 1766 446.785644531 70.3134765625 7 1660 -802.131835938 2238.86010742 8 1947 -3128.796875 1608.0859375 9 1800 -1576.41699219 556.673339844 10 1690 40.0927734375 485.18359375 11 1882 3528.81933594 1144.32958984 12 1530 1587.41357422 933.152832031 13 1543 1370.84033203 2293.05737305 14 1570 -2019.27709961 -566.391113281 15 1609 -2216.79370117 -496.6015625 16 1416 3561.8515625 996.972167969 17 1548 2723.36132813 1864.9387207 18 1424 4292.015625 1208.78149414 19 1318 5622.8125 1085.44946289 21 1615 -3262.33837891 -548.138183594 22 1459 -3536.74243164 -1048.11083984 23 1602 -4438.12158203 382.283935547 24 1454 -4855.58056641 -1115.97314453 25 1656 -5627.49902344 687.402832031
0.0109997028485 -0.0699505731463 1.01757180691
193 197 209
8 8 257 -2738.20947266 -3296.26367188 16 176 4168.41210938 -3858.21875 12 188 2199.65039063 -3927.47265625 13 222 1988.44482422 -2664.24121094 17 204 3368.22070313 -3086.74853516 18 182 4973.59765625 -3735.26367188 1 213 750.978515625 -2686.36962891 7 221 -209.071289063 -2730.90332031
0.0125905936584 -0.0463995747268 0.992123901844
150 138 118
12 11 7003 3467.98632813 3932.53222656 24 4250 -5026.59570313 1665.43823242 14 6336 -2158.99414063 2215.1394043 15 5438 -2342.35864258 2147.08007813 21 5797 -3383.93188477 2094.90869141 22 4306 -3711.40942383 1730.66967773 23 6098 -4531.28076172 3027.53051758 25 5847 -5704.5546875 3331.87207031 0 5420 -1262.22558594 3041.83642578 2 6191 47.369140625 3033.07275391 4 8092 1902.65380859 3292.82470703 5 7124 333.15625 2853.79150391
0.0148692317307 0.0101047577336 0.970682859421
49 62 63
2 11 8043 3795.47558594 -1688.49853516 24 4214 -4597.23291016 -3935.69921875
0.0172786042094 -0.0308201275766 0.996357619762
83 88 96
4 11 5588 3916.640625 2377.95898438 24 4200 -4475.71533203 135.006835938 14 4608 -1641.63525391 678.0859375 22 4340 -3166.88012695 202.643066406
0.0459632501006 -0.0225922130048 0.99028646946
130 133 140
6 10 3078 -3080.58349609 59.771484375 29 2744 4461.23632813 -340.422363281 12 2975 -1519.96386719 500.793212891 16 2743 462.53125 599.034912109 20 2782 2730.7578125 -128.269042969 33 2788 5618.01074219 -358.826171875
0.0486801303923 -0.0105551946908 0.980027794838
213 214 216
6 6 2290 5711.33691406 -485.126464844 26 1818 -2743.99755859 509.113037109 14 2018 1575.30224609 -1187.20117188 22 1952 53.6596679688 -1615.91162109 24 1875 -1275.81542969 -1684.04296875 5 2192 4044.87890625 -589.916015625
0.00133879075292 -0.0294716916978 0.997333407402
148 145 145
7 14 5658 -3206.14868164 486.686523438 18 4706 5539.37792969 92.8999023438 17 5324 3964.72460938 749.919677734 7 6292 437.158691406 1137.73754883 13 5667 2609.74511719 1179.39697266 1 6123 1394.98339844 1166.94702148 10 6086 1238.73974609 -618.489257813
0.140927672386 -0.103372901678 0.992088019848
192 188 189
4 31 889 -5531.07519531 -1905.32910156 47 1390 3036.67578125 -3974.13671875 35 1143 -2192.95825195 -2821.51660156 46 1326 1132.953125 -2850.12402344
0.0120142325759 -0.0183460768312 0.989920556545
232 227 222
25 0 1970 -1271.89306641 413.237304688 1 1853 262.249023438 2261.6328125 2 2266 30.7578125 404.197509766 3 2457 3196.65917969 797.041992188 4 2353 1889.29443359 662.633300781 6 1997 1999.90136719 231.839355469 5 2040 343.679199219 85.7939453125 7 1808 -698.342773438 2224.34350586 8 2136 -3029.79882813 1591.64233398 9 2078 -1477.23046875 539.51953125 10 1892 139.893554688 469.833007813 11 2073 3425.08398438 1161.22558594 12 1810 1685.89550781 916.5546875 13 1675 1474.23974609 2276.81152344 14 1779 -2122.3125 -553.052246094 15 1978 -2314.1328125 -481.884765625 16 1681 3660.77441406 978.465087891 17 1709 2825.71191406 1848.84863281 18 1579 4394.44238281 1192.18774414 19 1435 5725.90234375 1068.96386719 21 1865 -3359.7175293 -535.165527344 22 1695 -3640.21264648 -1035.06103516 23 1901 -4534.62695313 396.738525391 24 1606 -4958.65478516 -1105.21728516 25 1935 -5723.89355469 702.037597656
0.0276302583516 0.0185497570783 0.9725061059
238 235 226
2 14 5623 -423.052734375 -4197.33105469 18 6320 2592.81152344 4246.58740234
0.136357218027 -0.0406513139606 0.99685549736
32 41 51
9 26 5116 5745.25683594 3853.79736328 42 6164 -2897.64282227 1967.01757813 27 5391 4734.46679688 2854.09814453 28 5122 4420.24902344 4117.48242188 30 6777 3526.38671875 2798.13916016 36 6370 2903.18164063 3781.9453125 38 7190 1178.60986328 1918.04467773 39 6234 931.643066406 1954.97436523 40 5873 491.527832031 2516.70703125
0.03375678882 -0.0480729602277 1.00828969479
234 231 223
3 14 5439 -98.8642578125 2366.31738281 18 4368 2519.24414063 -1937.33789063 19 4498 3888.765625 -2058.19238281
0.0245101582259 -0.0567200034857 1.00578010082
145 153 112
4 7 7393 -1692.37792969 -1124.69091797 20 5283 5025.75488281 -2997.53515625 17 7420 1887.86425781 -1462.12451172 1 6950 -725.366699219 -1070.07177734
0.0215951688588 -0.0584581568837 1.00515329838
48 60 57
10 7 7373 -1399.21289063 -1140.99267578 20 5415 5322.44628906 -3018.07470703 10 7972 -553.959472656 -2817.33544922 12 6932 1049.79541016 -2358.63232422 13 6261 810.631835938 -1061.44873047 16 5893 3034.94726563 -2281.04443359 17 6547 2190.23730469 -1481.28027344 18 6152 3796.59765625 -2130.70458984 1 7499 -427.737792969 -1088.1171875 9 8320 -2239.328125 -2749.73242188
0.0350987911224 -0.046531945467 1.00578200817
234 229 223
12 9 2709 -3575.73657227 -2255.25341797 20 2536 3927.2265625 -2529.14453125 10 2596 -1908.63012695 -2334.14208984 12 2623 -319.974609375 -1885.70996094 13 1861 -588.345214844 -588.398925781 16 2451 1652.53515625 -1796.62792969 18 1736 2370.95410156 -1653.59472656 19 1809 3738.70898438 -1775.21582031 29 2721 5672.23242188 -2734.96240234 17 1899 779.612304688 -1003.43408203 31 1473 5055.53320313 593.544921875 1 2115 -1813.93457031 -615.967773438
0.0154498880729 -0.0311084669083 0.996557474136
175 169 166
6 11 5382 3736.25488281 2404.54931641 24 3974 -4656.06835938 153.864257813 14 4377 -1823.29736328 699.336669922 22 3942 -3348.00439453 221.182617188 5 4992 646.577636719 1334.28857422 6 5250 2306.03564453 1477.87841797
0.0154498880729 -0.0311084669083 0.996557474136
175 169 166
6 11 5381 3736.25488281 2404.54931641 24 3973 -4656.06835938 153.864257813 14 4376 -1823.29736328 699.336669922 22 3941 -3348.00439453 221.182617188 5 4991 646.577636719 1334.28857422 6 5249 2306.03564453 1477.87841797
0.0219729840755 -0.0837952420115 1.01331317425
99 114 79
7 7 6947 -1295.328125 -3204.37695313 19 5659 5395.53613281 -4288.05957031 13 6686 944.886230469 -3116.14208984 16 6092 3181.94238281 -4291.45605469 17 5921 2346.88671875 -3531.94189453 18 5391 3976.703125 -4178.09277344 1 7262 -311.388671875 -3145.05859375
0.0180577002466 -0.0788451060653 1.00736010075
81 99 78
7 8 7219 -3477.3659668 -2950.17724609 19 4957 5737.57128906 -3481.74169922 10 6130 -107.960449219 -4050.53808594 12 5430 1529.55224609 -3585.9453125 17 5414 2694.95703125 -2724.83398438 18 4979 4325.30664063 -3371.98095703 1 6162 35.8413085938 -2332.00585938
0.0291504263878 -0.0554854348302 1.01232361794
195 183 171
27 0 2139 227.091308594 3811.87597656 1 1970 -1155.96289063 -1596.44970703 2 2534 1516.70654297 3794.34960938 3 2615 4630.16601563 4187.51025391 4 2382 3351.625 4050.28613281 5 2172 1896.25585938 3666.67626953 6 2245 3561.60839844 3797.26342773 7 1883 -2115.84643555 -1655.43652344 8 2256 -4558.19238281 -2180.28222656 9 1919 -2951.92944336 -3228.60546875 10 1987 -1273.73876953 -3298.34960938 12 1710 325.586425781 -2846.38330078 13 1788 70.5771484375 -1566.54882813 14 1999 -577.409667969 3043.49755859 15 2202 -837.918945313 2936.61621094 16 1580 2294.34667969 -2759.90527344 17 1674 1439.77929688 -1985.38964844 18 1641 3036.83496094 -2633.88867188 19 1485 4415.91601563 -2752.18798828 20 1667 4567.72949219 -3493.91064453 21 1999 -1859.14575195 2886.69824219 22 1914 -2108.57714844 2586.37963867 23 1988 -2972.38793945 3802.09912109 24 1677 -3393.34912109 2522.26782227 25 2199 -4115.62890625 4098.47949219 27 2091 -5219.7890625 4016.30126953 31 1260 5738.88769531 -376.174316406
0.0218900032341 -0.012654626742 0.973810911179
178 191 208
5 11 5885 4486.265625 620.935058594 24 3962 -3989.97949219 -1599.91064453 14 4201 -1115.08105469 -1060.94238281 22 4000 -2648.2800293 -1529.7890625 25 3967 -4837.03369141 201.501953125
0.0212546531111 0.00521250348538 0.964766025543
48 56 69
6 9 2991 -2512.66333008 3662.62255859 19 1742 4586.24707031 4231.67724609 10 2847 -922.033203125 3576.43164063 12 2281 602.902832031 4014.83374023 16 1780 2597.26074219 4086.45483398 20 1907 4869.54199219 3336.41625977
0.100318856537 -0.0109043167904 0.979038536549
42 54 67
7 22 7076 5223.72949219 -1328.47119141 39 8007 -2424.04589844 -1152.61767578 24 6723 3897.34863281 -1388.52832031 26 6934 2436.05566406 791.426025391 28 7253 1064.16113281 1079.03833008 36 7812 -468.025878906 734.269287109 41 8420 -4393.85351563 -1193.12353516
0.0308762285858 0.0279165189713 0.967408418655
241 236 232
3 10 8085 -1880.85498047 4279.76611328 11 6398 5443.7421875 -3500.51660156 25 5300 -3928.87695313 -3683.42871094
0.0400015711784 -0.0328480564058 0.996250391006
51 59 80
5 7 1322 -3357.55883789 778.474853516 19 975 3130.42480469 -316.864257813 13 1205 -1172.23681641 874.208496094 17 1251 192.27734375 462.244140625 18 1144 1775.97753906 -188.902832031
0.0964106842875 -0.0206239521503 0.987741827965
75 89 107
