# Camera parameter file. 

# The format of each camera is as follows:
# Filename (of the undistorted image in visualize folder)
# Original filename
# Focal Length (of the undistorted image)
# 2-vec Principal Point (image center)
# 3-vec Translation T (as in P = K[R T])
# 3-vec Camera Position C (as in P = K[R -RC])
# 3-vec Axis Angle format of R
# 4-vec Quaternion format of R
# 3x3 Matrix format of R
# [Normalized radial distortion] = [radial distortion] * [focal length]^2
# 3-vec Lat/Lng/Alt from EXIF

# The nubmer of cameras in this reconstruction
48

00000000.jpg
C:\Users\jamis\Downloads\shintakabashi\shintakebashi_vsfm\img\_DSF0223.JPG
89779.5078125
5824 4368
-0.0016732198419 -0.000690265907906 -0.0360427796841
0.00252853985876 0.00019105290994 0.0359991155565
-0.0147787291006 -0.023936111612 -0.0157900924249
0.999870776231 -0.00738904625371 -0.0119675402825 -0.00789470613365
0.999589979649 0.0159642156214 -0.0238152891397
-0.0156105281785 0.999768733978 0.0149651160464
0.0240486860275 -0.0145872496068 0.999607563019
0.0353176764205
35.6819375 139.810339167 0

00000001.jpg
C:\Users\jamis\Downloads\shintakabashi\shintakebashi_vsfm\img\_DSF0255.JPG
88143.6015625
5824 4368
-0.0349731221795 -0.885742902756 0.41808950901
0.030173689127 -0.808569312096 0.553052186966
0.0300376560082 1.53012759263 2.6696955646
0.0325554909512 0.00975849994488 0.497101039584 0.867318808526
-0.997691869736 -0.0467820130289 0.0492735952139
0.0661619454622 -0.503911674023 0.861216723919
-0.0154598783702 0.862487494946 0.505842983723
-0.0499346775447
35.6853683333 139.811086111 0

00000002.jpg
C:\Users\jamis\Downloads\shintakabashi\shintakebashi_vsfm\img\_DSF0224.JPG
88736.6484375
5824 4368
0.0105330627412 -0.000476021814393 -0.0474431104958
-0.00947163719684 -0.00033528089989 0.0476676784456
-0.0146746397792 -0.0223352118475 -0.0113361918256
0.999895447988 -0.0073370641773 -0.0111672167225 -0.00566789837448
0.999687433243 0.0114984493703 -0.0222489070147
-0.0111707737669 0.999830842018 0.0147991720587
0.0224152896553 -0.0145460162312 0.999645352364
0.120976502517
35.6819375 139.810339167 0

00000003.jpg
C:\Users\jamis\Downloads\shintakabashi\shintakebashi_vsfm\img\_DSF0226.JPG
89094.5
5824 4368
0.0347824804485 -0.0012844207231 -0.0436029434204
-0.0342291928828 0.000400510907639 0.0440556406975
-0.0113225031131 -0.0128398026308 -0.0112335938547
0.999948232026 -0.00566115386572 -0.00641979053325 -0.00561670000361
0.999855339527 0.0113054849207 -0.0127753037959
-0.011160152033 0.999874889851 0.0113938273862
0.0129025289789 -0.0112496158108 0.99985563755
-0.0600473963568
35.6819375 139.810339167 0

00000004.jpg
C:\Users\jamis\Downloads\shintakabashi\shintakebashi_vsfm\img\_DSF0225.JPG
89380.765625
5824 4368
0.0224557127804 -0.0013718851842 -0.040601156652
-0.02187801525 0.000608023721725 0.0409338995814
-0.0128500605511 -0.0144329853716 -0.0108254573696
0.999939067295 -0.00642489977689 -0.00721634611172 -0.00541261874694
0.999837577343 0.0109172919765 -0.0143622392789
-0.0107318637893 0.99985986948 0.0129271233454
0.0145013863221 -0.012770909816 0.999815106392
0.0177343121785
35.6819375 139.810339167 0

00000005.jpg
C:\Users\jamis\Downloads\shintakabashi\shintakebashi_vsfm\img\_DSF0250.JPG
88336.859375
5824 4368
-0.00391827244312 -0.00236912840046 -0.100233539939
0.00433654105291 0.000429998151958 0.100243642926
-0.020301693437 -0.00449717827354 -0.0232685975433
0.999878980347 -0.0101504372312 -0.00224849842821 -0.0116338294416
0.999720931053 0.0233105011284 -0.00426024664193
-0.02321918495 0.999524652958 0.0203507095575
0.00473265862092 -0.0202461257577 0.999786317348
0.218857949956
35.6835244444 139.806467778 0

00000006.jpg
C:\Users\jamis\Downloads\shintakabashi\shintakebashi_vsfm\img\_DSF0251.JPG
88955.8359375
5824 4368
0.00935739930719 -0.00200493331067 -0.0938676446676
-0.00926513876766 0.000169989885762 0.0938981547952
-0.0183518562418 -0.00112208802824 -0.0120230951853
0.999940296715 -0.00917574550915 -0.000561032848687 -0.00601142795578
0.999928534031 0.0120324250311 -0.00101168116089
-0.0120118511841 0.999761760235 0.0183571595699
0.00123231625184 -0.0183436311781 0.999832093716
0.0296318909389
35.6835244444 139.806467778 0

00000007.jpg
C:\Users\jamis\Downloads\shintakabashi\shintakebashi_vsfm\img\_DSF0254.JPG
89568.5546875
5824 4368
-0.0549902692437 -0.883946418762 0.430028855801
0.0162860620767 -0.819767355919 0.545001089573
0.0433865321285 1.52441093639 2.66539372712
0.0353378269214 0.0141194443712 0.49609485615 0.867409230724
-0.997104227543 -0.0472994744778 0.0595496408641
0.0753099545836 -0.505260765553 0.859674155712
-0.0105740157887 0.861669957638 0.507360041142
-0.030388826329
35.6853683333 139.811086111 0

00000008.jpg
C:\Users\jamis\Downloads\shintakabashi\shintakebashi_vsfm\img\_DSF0228.JPG
89687.5
5824 4368
-0.047085031867 -0.877148509026 0.448723047972
0.00221199356019 -0.834564208984 0.525791227818
0.00392008474564 1.52990637711 2.68742801524
0.0249576328818 0.0012675547142 0.494693397316 0.868976634644
-0.998751461506 -0.0421205200255 0.0268967859447
0.0446298792958 -0.509538829327 0.85928940773
-0.0224887188524 0.859415948391 0.510781824589
-0.0154730943763
35.6853975 139.806296389 0

00000009.jpg
C:\Users\jamis\Downloads\shintakabashi\shintakebashi_vsfm\img\_DSF0229.JPG
89876.3203125
5824 4368
-0.0347853079438 -0.872657179832 0.464703142643
0.0188863091171 -0.838343143463 0.52489387989
0.00658063977844 1.5459190718 2.67297850872
0.0270659091115 0.00213063206496 0.500526522512 0.865437694719
-0.998526155949 -0.0447148494422 0.0307822860777
0.0489805825055 -0.497604846954 0.866019845009
-0.023406535387 0.866250514984 0.499061256647
-0.147197454905
35.6853975 139.806296389 0

00000010.jpg
C:\Users\jamis\Downloads\shintakabashi\shintakebashi_vsfm\img\_DSF0230.JPG
89152.7109375
5824 4368
-0.0232464689761 -0.872689723969 0.460261702538
0.035396989435 -0.832816004753 0.528330266476
0.0116734396222 1.54614457284 2.66724210436
0.0295784453039 0.00378543645754 0.501380246449 0.864927204811
-0.998222231865 -0.0473750047386 0.0362006872892
0.0549578033388 -0.495672255754 0.866768717766
-0.0231195054948 0.867216587067 0.497394025326
-0.0812603785119
35.6853975 139.806296389 0

00000011.jpg
C:\Users\jamis\Downloads\shintakabashi\shintakebashi_vsfm\img\_DSF0252.JPG
89435.046875
5824 4368
0.0224008448422 -0.0006948543014 -0.0894138664007
-0.0224112011492 -1.39132607728e-005 0.0894140675664
-0.00745221713542 0.000108612749738 -0.00189376918844
0.999992832516 -0.00372609966543 5.43062451224e-005 -0.00094688233196
0.999998271465 0.00189332652371 0.000115679904411
-0.00189417565707 0.999971091747 0.00745203206316
-0.000101543519122 -0.00745225977153 0.999973297119
0.0743916491978
35.6835244444 139.806467778 0

00000012.jpg
C:\Users\jamis\Downloads\shintakabashi\shintakebashi_vsfm\img\_DSF0231.JPG
89503.96875
5824 4368
-0.00992665719241 -0.875574290752 0.462301850319
0.0516766346991 -0.837203979492 0.526186108589
0.0146347238879 1.53988823889 2.66758551523
0.0309521066497 0.00474975283596 0.499776325524 0.865774575811
-0.998039424419 -0.0488495826721 0.0391591191292
0.0583406053483 -0.498692184687 0.864814043045
-0.0227174013853 0.86540210247 0.50056374073
-0.0200328641549
35.6853975 139.806296389 0

00000013.jpg
C:\Users\jamis\Downloads\shintakabashi\shintakebashi_vsfm\img\_DSF0256.JPG
88080.4140625
5824 4368
-0.0179538931698 -0.886518836021 0.419166654348
0.0438641607761 -0.808732151985 0.553142428398
0.0246211739508 1.53245519938 2.67122288415
0.0309825419058 0.00799104198707 0.497373271723 0.866971423326
-0.997953414917 -0.0457844957709 0.0446556769311
0.0616594180465 -0.503341794014 0.861883997917
-0.0169838760048 0.86287432909 0.505134880543
-0.0258376155413
35.6853683333 139.811086111 0

00000014.jpg
C:\Users\jamis\Downloads\shintakabashi\shintakebashi_vsfm\img\_DSF0249.JPG
88829.625
5824 4368
-0.0160373207182 -0.00214929296635 -0.0946932509542
0.0176359936595 0.000239144777879 0.0944327488542
-0.0264677630966 -0.017347445544 -0.0352252872866
0.999720027594 -0.0132326464847 -0.00867291328922 -0.0176109999279
0.999230146408 0.0354416929185 -0.0168748963624
-0.0349825844169 0.999030888081 0.0267633758485
0.0178070440888 -0.0261523909867 0.999499499798
-0.125171840304
35.6835244444 139.806467778 0

00000015.jpg
C:\Users\jamis\Downloads\shintakabashi\shintakebashi_vsfm\img\_DSF0222.JPG
89667.265625
5824 4368
-0.0141458017752 -0.000117918345495 -0.0367548167706
0.0149714713916 -0.000293142686132 0.0364253185689
-0.0238385466549 -0.0224853893288 -0.0316831696461
0.999740537123 -0.01191824244 -0.0112417222936 -0.0158402146983
0.999246001244 0.0319401621819 -0.0221000388265
-0.0314042568207 0.999215304852 0.0241864603013
0.0228551831096 -0.0234741400927 0.999463260174
-0.0708616731821
35.6819375 139.810339167 0

00000016.jpg
C:\Users\jamis\Downloads\shintakabashi\shintakebashi_vsfm\img\_DSF0232.JPG
89815.4921875
5824 4368
0.0194447580725 -0.876284718513 0.466861575842
0.0690728202462 -0.841054558754 0.52351629734
0.0103867579286 1.54492555344 2.67801129923
0.0249132618624 0.00335845304262 0.499536040142 0.865907847076
-0.998736083508 -0.0397884808481 0.0307087749243
0.0465018749237 -0.49966827035 0.864968061447
-0.0190715137869 0.865302741528 0.500887036324
0.0483021750435
35.6853975 139.806296389 0

00000017.jpg
C:\Users\jamis\Downloads\shintakabashi\shintakebashi_vsfm\img\_DSF0257.JPG
88860.4453125
5824 4368
0.000206260840059 -0.884800851345 0.432520836592
0.0585798956454 -0.81588435173 0.548496901989
0.0197688181698 1.54119602711 2.67062263268
0.029272832542 0.00640937361707 0.499680915166 0.865859460894
-0.998204469681 -0.0442748814821 0.0403744988143
0.0571097545326 -0.499069362879 0.864679396152
-0.0181338042021 0.865429878235 0.50070142746
0.00623438949304
35.6853683333 139.811086111 0

00000018.jpg
C:\Users\jamis\Downloads\shintakabashi\shintakebashi_vsfm\img\_DSF0258.JPG
91155.671875
5824 4368
0.0171883627772 -0.881579458714 0.46318936348
0.0738363936543 -0.836314797401 0.535862803459
0.0199896343192 1.55190662905 2.66672014556
0.0282115822156 0.00647670297833 0.502822519209 0.864025526097
-0.99832457304 -0.0422386452556 0.039561457932
0.0552634634078 -0.492852598429 0.868356645107
-0.01718021743 0.869087517262 0.494360744953
0.0638550858023
35.6853683333 139.811086111 0

00000019.jpg
C:\Users\jamis\Downloads\shintakabashi\shintakebashi_vsfm\img\_DSF0259.JPG
91660.9765625
5824 4368
0.028472777456 -0.881896317005 0.472404628992
0.0882779359818 -0.841937422752 0.533916711807
0.0215356410097 1.55538195052 2.66188067398
0.0296829220103 0.00698398070301 0.504408367658 0.863244481666
-0.998140752316 -0.0442007929087 0.0420039147139
0.0582936815917 -0.489660382271 0.869962930679
-0.0178853422403 0.870792150497 0.491325438023
0.0481063354694
35.6853683333 139.811086111 0

00000020.jpg
C:\Users\jamis\Downloads\shintakabashi\shintakebashi_vsfm\img\_DSF0233.JPG
90794.796875
5824 4368
0.0462841056287 -0.872425794601 0.485683590174
0.0867242515087 -0.850852847099 0.51738345623
0.0136708500427 1.56069222401 2.67947287573
0.0201946138892 0.00440734526043 0.503151556412 0.863835243777
-0.999145686626 -0.0304556749761 0.0279343705624
0.0393236018717 -0.492759734392 0.869276344776
-0.0127094350755 0.869632363319 0.493536710739
0.101317335017
35.6853975 139.806296389 0

00000021.jpg
C:\Users\jamis\Downloads\shintakabashi\shintakebashi_vsfm\img\_DSF0221.JPG
88142.0234375
5824 4368
-0.026958072558 0.000145284429891 -0.0530636906624
0.0280657038093 -0.000528945529368 0.0524838492274
-0.0241496767114 -0.0207772874555 -0.0323814348768
0.999742452417 -0.0120738017228 -0.0103877518558 -0.0161893274545
0.999261081219 0.0326211489737 -0.0203792303801
-0.0321194827557 0.999185740948 0.0244777388871
0.0211610756814 -0.0238050296903 0.999493062496
0.0352301807907
35.6819375 139.810339167 0

00000022.jpg
C:\Users\jamis\Downloads\shintakabashi\shintakebashi_vsfm\img\_DSF0248.JPG
90255.671875
5824 4368
-0.0286596119404 -0.00169832911342 -0.0807834938169
0.0302169844508 0.000660069519654 0.0802292823792
-0.0308912294933 -0.0200594373866 -0.049221895815
0.999527707925 -0.0154431830563 -0.010028139658 -0.0246070732669
0.998588263988 0.0495006479323 -0.0192867834121
-0.0488811582327 0.998311817646 0.03136530146
0.0208068303764 -0.0303782559931 0.999322474003
-0.025537302857
35.6835244444 139.806467778 0

00000023.jpg
C:\Users\jamis\Downloads\shintakabashi\shintakebashi_vsfm\img\_DSF0220.JPG
89467.359375
5824 4368
-0.0393036156893 0.000554407306481 -0.0387076586485
0.0401116535068 -0.000193643034436 0.0378732569516
-0.0137313673952 -0.0208824964357 -0.0223259533186
0.999859651015 -0.00686536249737 -0.0104407597404 -0.011162454417
0.999532997608 0.0224651414901 -0.0207253228873
-0.0221784096211 0.999656438828 0.0139618832618
0.0210318546742 -0.013495712541 0.999687850475
0.0258232852833
35.6819375 139.810339167 0

00000024.jpg
C:\Users\jamis\Downloads\shintakabashi\shintakebashi_vsfm\img\_DSF0247.JPG
89919.8203125
5824 4368
-0.0425378121436 -0.0011530353222 -0.0850346907973
0.044136531651 0.000691464869305 0.0842211320996
-0.0310485438239 -0.0194295241082 -0.0499836860752
0.999520313429 -0.015521789571 -0.00971320865743 -0.024987846826
0.998563170433 0.0502532236278 -0.0186413824558
-0.0496502183378 0.998269736767 0.0315141044557
0.0201928149909 -0.0305432714522 0.99933052063
0.156263649231
35.6835244444 139.806467778 0

00000025.jpg
C:\Users\jamis\Downloads\shintakabashi\shintakebashi_vsfm\img\_DSF0219.JPG
90703.125
5824 4368
-0.0507623925805 0.000376758049242 -0.0259805731475
0.0513270534575 0.000144720135722 0.02484896034
-0.0106093819531 -0.0221437936079 -0.0154977264784
0.999894978552 -0.00530450527316 -0.0110715092057 -0.00774859197169
0.999635636806 0.0156130120158 -0.0220584869385
-0.0153781007975 0.999824881554 0.0107794711366
0.0222228989005 -0.0104363216087 0.999699354172
0.0680425425657
35.6819375 139.810339167 0

00000026.jpg
C:\Users\jamis\Downloads\shintakabashi\shintakebashi_vsfm\img\_DSF0246.JPG
89253.0078125
5824 4368
-0.0547159016132 0.00192272337154 -0.0918306559324
0.0566974468529 0.000212536222534 0.0906407982111
-0.00542770724954 -0.0212714673131 -0.0472112331256
0.999661321211 -0.00271354724297 -0.0106345329303 -0.0236029515954
0.998659849167 0.0472476184368 -0.0211337674409
-0.0471322126687 0.998871922493 0.00592726282775
0.0213899575174 -0.00492325006053 0.99975925684
0.033420756615
35.6835244444 139.806467778 0

00000027.jpg
C:\Users\jamis\Downloads\shintakabashi\shintakebashi_vsfm\img\_DSF0218.JPG
90319.5
5824 4368
-0.0641798824072 0.000107927451609 -0.0298153571784
0.0647848770022 0.000476035056636 0.0284732058644
-0.0117382152251 -0.0208462320302 -0.014360919718
0.99990278755 -0.00586891742787 -0.0104227782607 -0.00718022718078
0.999680459499 0.0144814047962 -0.0207592640072
-0.014236711897 0.999828398228 0.0118863750249
0.0209277961403 -0.0115870125592 0.999713480473
0.0318409137608
35.6819375 139.810339167 0

00000028.jpg
C:\Users\jamis\Downloads\shintakabashi\shintakebashi_vsfm\img\_DSF0245.JPG
89758.4375
5824 4368
-0.0682362094522 0.00100745726377 -0.0868438780308
0.0700694769621 0.00163165957201 0.0853619724512
-0.00296013594247 -0.0214390215916 -0.0418421599145
0.999722718003 -0.00147993116997 -0.0107185200017 -0.0209191462419
0.998895466328 0.0418584235013 -0.0213691852987
-0.0417949594557 0.999120533466 0.00340749323368
0.0214930064976 -0.00251059001312 0.999766051769
0.0539904424311
35.6835244444 139.806467778 0

00000029.jpg
C:\Users\jamis\Downloads\shintakabashi\shintakebashi_vsfm\img\_DSF0234.JPG
90289.0234375
5824 4368
0.0646981969476 -0.871198832989 0.484733581543
0.103366605937 -0.847887039185 0.518211126328
0.0150866130293 1.56511174883 2.68013625115
0.0193210737338 0.00486111798437 0.504300922614 0.863577431574
-0.999206960201 -0.0284767728299 0.0278674233705
0.0382642000914 -0.490859538317 0.870397806168
-0.011107117869 0.870773494244 0.491559714079
0.0414390763126
35.6853975 139.806296389 0

00000030.jpg
C:\Users\jamis\Downloads\shintakabashi\shintakebashi_vsfm\img\_DSF0217.JPG
90456.46875
5824 4368
-0.0764628946781 -0.000373412505724 -0.0283198487014
0.0770422816277 0.00119507755153 0.0266792662442
-0.0129531030339 -0.021505807508 -0.0153455457277
0.999891744655 -0.00647631780814 -0.0107525157314 -0.00767249598897
0.999650776386 0.0154826045036 -0.0214033164084
-0.0152040570974 0.999798178673 0.0131162274629
0.0216020904481 -0.0127862393856 0.999685049057
0.0957566093452
35.6819375 139.810339167 0

00000031.jpg
C:\Users\jamis\Downloads\shintakabashi\shintakebashi_vsfm\img\_DSF0260.JPG
90646.1796875
5824 4368
0.0377784073353 -0.894154727459 0.441057413816
0.102496236563 -0.833694219589 0.538441538811
0.0251233553865 1.51906260497 2.6760469647
0.0320972971233 0.00815965307412 0.493366577184 0.869136088955
-0.997806251049 -0.047741625458 0.0458566509187
0.063846051693 -0.511072337627 0.857162833214
-0.0174862835556 0.85821044445 0.512999534607
0.0484944041846
35.6853683333 139.811086111 0

00000032.jpg
C:\Users\jamis\Downloads\shintakabashi\shintakebashi_vsfm\img\_DSF0261.JPG
88101.4375
5824 4368
0.0449534729123 -0.89065861702 0.432175248861
0.117108263075 -0.814055085182 0.552872896194
0.0293896010101 1.53781692403 2.65649388446
0.0359296499884 0.00956785799064 0.500640139335 0.864828216985
-0.997235417366 -0.0525660179555 0.052524458617
0.0717258825898 -0.496112287045 0.865290462971
-0.0194268412888 0.866665542126 0.498511463404
-0.170706331793
35.6853683333 139.811086111 0

00000033.jpg
C:\Users\jamis\Downloads\shintakabashi\shintakebashi_vsfm\img\_DSF0235.JPG
89667.78125
5824 4368
0.0739835053682 -0.87170034647 0.481235176325
0.12056171149 -0.843376159668 0.520676553249
0.0128521152914 1.56226417876 2.6717950317
0.0233412993548 0.00415153628642 0.504648167251 0.863052795005
-0.998876035213 -0.0361020602286 0.0307197775692
0.0444770343602 -0.489617824554 0.870802104473
-0.0163967981935 0.871189713478 0.49067312479
0.000565410395926
35.6853975 139.806296389 0

00000034.jpg
C:\Users\jamis\Downloads\shintakabashi\shintakebashi_vsfm\img\_DSF0236.JPG
89186.7578125
5824 4368
0.0830786526203 -0.874232709408 0.47669750452
0.137316152453 -0.840162336826 0.523161113262
0.0166041672565 1.55710777311 2.66621555515
0.0271593415023 0.00537628935246 0.504178367508 0.863298115413
-0.99846726656 -0.0414738096297 0.0366658940911
0.0523126237094 -0.490258127451 0.870006263256
-0.0181067157537 0.87059032917 0.491675913334
-0.0278069419874
35.6853975 139.806296389 0

00000035.jpg
C:\Users\jamis\Downloads\shintakabashi\shintakebashi_vsfm\img\_DSF0262.JPG
90261.921875
5824 4368
0.0627887323499 -0.891450881958 0.450918644667
0.131029590964 -0.832155883312 0.540649712086
0.0334423179608 1.53573230919 2.66296940694
0.0337088719306 0.0108723323734 0.499277356363 0.865750051369
-0.997491359711 -0.0475123263896 0.0524821467698
0.0692215040326 -0.499199450016 0.86371743679
-0.0148381590843 0.865183413029 0.501235961914
-0.0899040757168
35.6853683333 139.811086111 0

00000036.jpg
C:\Users\jamis\Downloads\shintakabashi\shintakebashi_vsfm\img\_DSF0244.JPG
88566.109375
5824 4368
-0.0811962261796 -0.000455126632005 -0.0989882349968
0.083445250988 0.00344909681007 0.0970396921039
-0.00831508212186 -0.0238618354937 -0.0462613800784
0.999652750104 -0.00415705981456 -0.0119295367116 -0.0231280126007
0.998645782471 0.0463391467929 -0.0236584991217
-0.0461407788098 0.99889588356 0.00886304676533
0.024043077603 -0.00775941833854 0.999680817127
0.0491226848385
35.6835244444 139.806467778 0

00000037.jpg
C:\Users\jamis\Downloads\shintakabashi\shintakebashi_vsfm\img\_DSF0216.JPG
90489.6875
5824 4368
-0.0890269950032 0.000222778588068 -0.0279847793281
0.0896280258894 0.000937496195547 0.0259796977043
-0.00996222609984 -0.0224848023804 -0.0159972526106
0.999892489793 -0.00498093454181 -0.0112419982963 -0.00799833965858
0.999619483948 0.0161069519818 -0.0224018953741
-0.0158829670399 0.999822378159 0.0101406276226
0.022561263293 -0.00978096853942 0.999698102474
0.243697686502
35.6819375 139.810339167 0

00000038.jpg
C:\Users\jamis\Downloads\shintakabashi\shintakebashi_vsfm\img\_DSF0215.JPG
92016.6640625
5824 4368
-0.102385692298 -0.00378812267445 -0.0102102346718
0.102529115975 0.00474011804909 0.00816992204636
-0.0252836906418 -0.0209640421403 -0.0115585287571
0.999848600192 -0.0126412073235 -0.0104814920728 -0.00577897271578
0.999713897705 0.0118211908266 -0.0208137072623
-0.0112912002951 0.999614059925 0.0253997333348
0.0211059134454 -0.0251574404538 0.999460935593
-0.0486829615149
35.6819375 139.810339167 0

00000039.jpg
C:\Users\jamis\Downloads\shintakabashi\shintakebashi_vsfm\img\_DSF0243.JPG
88701.03125
5824 4368
-0.0970453023911 0.00159454229288 -0.0977738648653
0.0997259169817 0.00197264761664 0.0950311496854
-0.0267169377574 -0.0279161301595 -0.0624193671072
0.999326538762 -0.0133554699404 -0.0139549315338 -0.0312026770683
0.997663617134 0.0627360790968 -0.027057621628
-0.0619905740023 0.997696578503 0.0275638177991
0.0287245120853 -0.0258220843971 0.999253928661
-0.050787888873
35.6835244444 139.806467778 0

00000040.jpg
C:\Users\jamis\Downloads\shintakabashi\shintakebashi_vsfm\img\_DSF0214.JPG
89628.015625
5824 4368
-0.115049347281 0.000438600516645 -0.0358451828361
0.115606054664 -0.000358411314664 0.0340079218149
-0.0138637052749 -0.0158823230725 -0.00489386368383
0.99994157084 -0.00693171762949 -0.00794100687053 -0.00244688418434
0.999862074852 0.00500356825069 -0.0158471670002
-0.00478339660913 0.999892473221 0.0139014907181
0.0159150045365 -0.0138237597421 0.999778032303
0.216614477224
35.6819375 139.810339167 0

00000041.jpg
C:\Users\jamis\Downloads\shintakabashi\shintakebashi_vsfm\img\_DSF0242.JPG
89140.421875
5824 4368
-0.107926718891 0.00210274802521 -0.0948114544153
0.11130259186 0.0031775678508 0.0907934904099
-0.0270497530698 -0.036766412896 -0.0710439829683
0.999108856219 -0.0135208587596 -0.0183777454301 -0.0355114391232
0.996802687645 0.0714565590024 -0.0357624478638
-0.0704626142979 0.997112154961 0.0283228550106
0.0376830250025 -0.025712383911 0.998959183693
-0.0686512536207
35.6835244444 139.806467778 0

00000042.jpg
C:\Users\jamis\Downloads\shintakabashi\shintakebashi_vsfm\img\_DSF0241.JPG
89527.4609375
5824 4368
-0.121058739722 0.00188255438115 -0.0925057977438
0.124814994633 0.00410781241953 0.0872952416539
-0.0264931142778 -0.0425988459266 -0.0680718877596
0.999106596677 -0.0132426120645 -0.0212930795937 -0.0340258073342
0.996778488159 0.0685547664762 -0.0416469313204
-0.0674268677831 0.99733453989 0.0279105901718
0.0434492938221 -0.0250125341117 0.998742938042
0.0925222834626
35.6835244444 139.806467778 0

00000043.jpg
C:\Users\jamis\Downloads\shintakabashi\shintakebashi_vsfm\img\_DSF0237.JPG
89603.3359375
5824 4368
0.101027153432 -0.87518376112 0.482020765543
0.154588699341 -0.844673752785 0.520697832108
0.0287763864089 1.55863155998 2.66602190253
0.02666461055 0.00931468900748 0.504516726044 0.862970233868
-0.998404502869 -0.0366230942309 0.0429813861847
0.0554199665785 -0.489530235529 0.870223641396
-0.0108295818791 0.871217131615 0.490778744221
0.0877546220048
35.6853975 139.806296389 0

00000044.jpg
C:\Users\jamis\Downloads\shintakabashi\shintakebashi_vsfm\img\_DSF0238.JPG
90333.109375
5824 4368
0.11722215265 -0.875786364079 0.49269515276
0.17199768126 -0.853371620178 0.515427410603
0.0319717224332 1.55882887529 2.66456820073
0.0271944328764 0.0103523996884 0.504746642803 0.862783513416
-0.998306334019 -0.0364709943533 0.045323446393
0.0573806390166 -0.488988518715 0.870401322842
-0.00958174839616 0.871527433395 0.490253001451
-0.0625626800501
35.6853975 139.806296389 0

00000045.jpg
C:\Users\jamis\Downloads\shintakabashi\shintakebashi_vsfm\img\_DSF0263.JPG
92307.796875
5824 4368
0.0843018740416 -0.892686069012 0.470679610968
0.145367175341 -0.850378394127 0.530339181423
0.0331603475913 1.53788667425 2.67029950262
0.0299746628896 0.010755801484 0.498824800541 0.866131190994
-0.997971832752 -0.0411959327757 0.0485317967832
0.0626520290971 -0.500562667847 0.863430202007
-0.0112766241655 0.864719808102 0.50212842226
0.082302724033
35.6853683333 139.811086111 0

00000046.jpg
C:\Users\jamis\Downloads\shintakabashi\shintakebashi_vsfm\img\_DSF0264.JPG
91555.6015625
5824 4368
0.10469032079 -0.891130566597 0.467479854822
0.159511208534 -0.844438552856 0.533939182758
0.0289959334078 1.54635220065 2.67234624593
0.0269688380783 0.00938752822605 0.500636579856 0.865180832796
-0.998368918896 -0.0372622795403 0.0432540327311
0.0560694076121 -0.497266441584 0.865784525871
-0.0107523147017 0.866797208786 0.498544633389
-0.0724232648136
35.6853683333 139.811086111 0

00000047.jpg
C:\Users\jamis\Downloads\shintakabashi\shintakebashi_vsfm\img\_DSF0265.JPG
91546.109375
5824 4368
0.127154648304 -0.885157704353 0.478582173586
0.173669487238 -0.844300568104 0.534517288208
0.0297798484434 1.56860544406 2.66892029962
0.0228690512484 0.00961676265759 0.506547448944 0.861870506905
-0.998769283295 -0.0296826027334 0.0397368855774
0.0491580404341 -0.485787272453 0.872693419456
-0.00660015270114 0.873573124409 0.486648529768
0.15097158414
35.6853683333 139.811086111 0

