# Camera parameter file. 

# The format of each camera is as follows:
# Filename (of the undistorted image in visualize folder)
# Original filename
# Focal Length (of the undistorted image)
# 2-vec Principal Point (image center)
# 3-vec Translation T (as in P = K[R T])
# 3-vec Camera Position C (as in P = K[R -RC])
# 3-vec Axis Angle format of R
# 4-vec Quaternion format of R
# 3x3 Matrix format of R
# [Normalized radial distortion] = [radial distortion] * [focal length]^2
# 3-vec Lat/Lng/Alt from EXIF

# The nubmer of cameras in this reconstruction
38

00000000.jpg
C:\Users\jamis\Downloads\mannen01\mannen01_vsfm\img\_DSF0192.JPG
88292.4609375
5824 4368
-0.637548387051 -17.9747200012 23.5988903046
0.676122844219 28.8353557587 6.96227931976
-1.15712927228 -0.0165669002429 0.00734784798025
0.837210683883 -0.546815302634 -0.00782888721864 0.00347231360687
0.999856889248 0.00274778879248 -0.0169062893838
0.0143760209903 0.40196377039 0.915544450283
0.00931142270565 -0.91565400362 0.401866257191
-0.0264463400855
35.6822858333 139.797614167 0

00000001.jpg
C:\Users\jamis\Downloads\mannen01\mannen01_vsfm\img\_DSF0194.JPG
87641.546875
5824 4368
0.252321153879 -17.9653549194 23.4299125671
-0.379643142223 28.6623706818 7.07858467102
-1.15866302776 -0.0105732592846 -0.00112817247303
0.836816388087 -0.547462196583 -0.00499580949276 -0.000533055569576
0.999951243401 0.00636215414852 -0.0077774329111
0.00457787560299 0.40057182312 0.916255474091
0.00894486811012 -0.916245877743 0.400523602962
-0.0372284652638
35.6822858333 139.797614167 0

00000002.jpg
C:\Users\jamis\Downloads\mannen01\mannen01_vsfm\img\_DSF0195.JPG
87929.453125
5824 4368
0.718824625015 -17.9541015625 23.5533981323
-0.920780241489 28.7593345642 7.04874229431
-1.1597546181 -0.00542061669399 -0.00573965350702
0.836523434472 -0.547920031308 -0.00256094213579 -0.00271166941711
0.999975204468 0.00734316138551 -0.00131301151123
-0.00173033867031 0.399554431438 0.916709959507
0.00725614093244 -0.916681826115 0.399556189775
0.078366703535
35.6822858333 139.797614167 0

00000003.jpg
C:\Users\jamis\Downloads\mannen01\mannen01_vsfm\img\_DSF0193.JPG
87731.5859375
5824 4368
-0.134129583836 -17.9355258942 23.4483280182
0.147574350238 28.6685295105 7.04446697235
-1.15882783127 -0.0149034807964 0.00575670305473
0.836754893921 -0.547527913907 -0.00704166014157 0.00271995160064
0.99988758564 0.00315914303064 -0.0147627769038
0.0122628742829 0.400416702032 0.916256010532
0.00880579743534 -0.916330635548 0.400330722332
-0.0413702099386
35.6822858333 139.797614167 0

00000004.jpg
C:\Users\jamis\Downloads\mannen01\mannen01_vsfm\img\_DSF0191.JPG
88088.71875
5824 4368
-1.16590869427 -18.1435756683 23.3693141937
1.19544899464 28.7497844696 6.97831344604
-1.14942834899 -0.0175905398034 0.00726636937157
0.839305740845 -0.543586682994 -0.00831890321154 0.00343640525969
0.99984151125 0.00327569735236 -0.0177002064884
0.0148124760017 0.409004509449 0.912413358688
0.0102282064036 -0.912528336048 0.408890485764
0.0285782355537
35.6822858333 139.797614167 0

00000005.jpg
C:\Users\jamis\Downloads\mannen01\mannen01_vsfm\img\_DSF0196.JPG
88617.203125
5824 4368
1.44557321072 -18.1776866913 23.6737289429
-1.47187840939 29.019241333 6.9773235321
-1.15147554896 -0.00946812423823 0.00236086686266
0.838780404199 -0.544451727516 -0.0044768094316 0.00111628774313
0.999960899353 0.00300218211487 -0.00872571393847
0.0067474632524 0.407143414021 0.913340985775
0.00629452615976 -0.913360774517 0.407105952501
0.129471458678
35.6822858333 139.797614167 0

00000006.jpg
C:\Users\jamis\Downloads\mannen01\mannen01_vsfm\img\_DSF0170.JPG
87864.8984375
5824 4368
0.475641846657 -17.618844986 21.6825695038
0.553081691265 27.171377182 6.49583244324
-1.12275944517 -0.0408675139167 0.0548432656607
0.845967557589 -0.532248778226 -0.0193734147105 0.0259986778713
0.997899651527 -0.023365104571 -0.0604540593922
0.0646110475063 0.432071387768 0.899522602558
0.00510306190699 -0.901538193226 0.43267339468
0.00500696069606
35.6794105556 139.792301389 0

00000007.jpg
C:\Users\jamis\Downloads\mannen01\mannen01_vsfm\img\_DSF0171.JPG
88097.859375
5824 4368
0.942462325096 -17.4660778046 21.8464412689
-0.000168271362782 27.21733284 6.51459026337
-1.13025239973 -0.0325715655394 0.0487514637577
0.844114957575 -0.535444223614 -0.0154304088417 0.0230954516601
0.998459100723 -0.022466186434 -0.0507826916873
0.055514678359 0.425535261631 0.903240144253
0.00131746393163 -0.904665768147 0.426125884056
0.0283234207313
35.6794105556 139.792301389 0

00000008.jpg
C:\Users\jamis\Downloads\mannen01\mannen01_vsfm\img\_DSF0169.JPG
87211.5625
5824 4368
-0.00527837406844 -17.6034412384 21.4812374115
1.069865942 26.9709014893 6.53854751587
-1.12278007863 -0.0448100923661 0.0576397051373
0.845884713286 -0.532242719769 -0.0212417782324 0.0273235284566
0.997605502605 -0.0236135385931 -0.065021649003
0.0688366815448 0.431943804026 0.899271130562
0.00685073295608 -0.90159279108 0.432534486055
0.149638337991
35.6794105556 139.792301389 0

00000009.jpg
C:\Users\jamis\Downloads\mannen01\mannen01_vsfm\img\_DSF0172.JPG
88676.359375
5824 4368
1.45339024067 -17.3976173401 22.0780620575
-0.542819678783 27.3862419128 6.47548103333
-1.13394793446 -0.027902635333 0.0459224531782
0.843189008855 -0.537016079183 -0.0132141550508 0.0217479965374
0.998708426952 -0.0224828384817 -0.0456422194839
0.0508678480983 0.422283172607 0.905037641525
-0.00107409828342 -0.906186580658 0.422879219055
-0.0363350918611
35.6794105556 139.792301389 0

00000010.jpg
C:\Users\jamis\Downloads\mannen01\mannen01_vsfm\img\_DSF0173.JPG
89506.046875
5824 4368
1.86072826385 -17.4026374817 22.3574237823
-1.10217750072 27.637008667 6.41506958008
-1.13521730959 -0.0290468935181 0.040260646358
0.842898221464 -0.537560992811 -0.0137546148968 0.0190646784933
0.998897433281 -0.0173512622714 -0.0436843261123
0.0469270721078 0.421332150698 0.905694067478
0.00269063562155 -0.906742751598 0.421680063009
0.069666245184
35.6794105556 139.792301389 0

00000011.jpg
C:\Users\jamis\Downloads\mannen01\mannen01_vsfm\img\_DSF0168.JPG
88639.9140625
5824 4368
-0.583339691162 -17.5710029602 22.0959663391
1.6298943758 27.482837677 6.27308177948
-1.12522835233 -0.0456869153774 0.0574728755365
0.845225536294 -0.53327698317 -0.0216522987111 0.0272379927299
0.997580468655 -0.022951213643 -0.0656529739499
0.0691377744079 0.429749339819 0.900299370289
0.0075513292104 -0.902657926083 0.430295020342
0.0264881761965
35.6794105556 139.792301389 0

00000012.jpg
C:\Users\jamis\Downloads\mannen01\mannen01_vsfm\img\_DSF0190.JPG
88954.8515625
5824 4368
-1.84790420532 -18.1095199585 23.689453125
1.69450283051 29.0230121613 6.88157367706
-1.15199870009 -0.020602001662 0.00157400932391
0.838598623573 -0.544663390034 -0.00974059785465 0.000744189428541
0.99981045723 0.00936252623796 -0.0171475410461
0.0118588311598 0.406684368849 0.913493216038
0.0155262667686 -0.913522660732 0.406495779753
0.00734869772051
35.6822858333 139.797614167 0

00000013.jpg
C:\Users\jamis\Downloads\mannen01\mannen01_vsfm\img\_DSF0167.JPG
88985.703125
5824 4368
-1.23928236961 -17.389497757 22.3618869781
2.19911336899 27.594575882 6.13909244537
-1.13188894531 -0.0467143200915 0.0548451097548
0.843468279077 -0.53609483142 -0.0221252320364 0.0259762055192
0.997673988342 -0.0200977418572 -0.0651753693819
0.0675426796079 0.423855423927 0.903208732605
0.00947235617787 -0.905507206917 0.424225538969
0.207132736119
35.6794105556 139.792301389 0

00000014.jpg
C:\Users\jamis\Downloads\mannen01\mannen01_vsfm\img\_DSF0189.JPG
89772.1953125
5824 4368
-2.56805181503 -17.9114532471 24.0831489563
2.225461483 29.2769241333 6.73223495483
-1.15906104278 -0.0263934446466 -0.00315181249938
0.836636781106 -0.547614758147 -0.0124699556567 -0.00148911832585
0.999688327312 0.0161492303014 -0.0192348156124
0.0111658256501 0.400231033564 0.916345894337
0.0224964786321 -0.916272699833 0.39992505312
0.0538253740669
35.6822858333 139.797614167 0

00000015.jpg
C:\Users\jamis\Downloads\mannen01\mannen01_vsfm\img\_DSF0166.JPG
88986.71875
5824 4368
-2.02077651024 -17.3757534027 22.4272956848
2.75472712517 27.6442890167 6.09841537476
-1.13345096279 -0.0509762257143 0.0475129889178
0.843089105359 -0.536761431927 -0.024140499066 0.0225004352229
0.997823417187 -0.0120243607089 -0.0648599117994
0.0638551265001 0.422763168812 0.90398901701
0.0165504552424 -0.90616184473 0.422610372305
0.0909820169948
35.6794105556 139.792301389 0

00000016.jpg
C:\Users\jamis\Downloads\mannen01\mannen01_vsfm\img\_DSF0188.JPG
90049.8515625
5824 4368
-3.00303435326 -17.8129806519 24.2532539368
2.73611307144 29.3694782257 6.67002868652
-1.16315977085 -0.0304109795486 0.0013247249133
0.835486731699 -0.549323132348 -0.0143621323244 0.000625625178166
0.999587893486 0.0147335324436 -0.0246861614287
0.0168243385851 0.396488249302 0.917886734009
0.0233113225549 -0.917922019958 0.39607617259
0.0333068859215
35.6822858333 139.797614167 0

00000017.jpg
C:\Users\jamis\Downloads\mannen01\mannen01_vsfm\img\_DSF0187.JPG
89998.296875
5824 4368
-3.46504688263 -17.7945156097 24.2245883942
3.25552868843 29.3322906494 6.6709690094
-1.16422216561 -0.0332143420005 0.00450827311753
0.835171732032 -0.549762319151 -0.0156842862356 0.00212887089567
0.999500870705 0.0136893028393 -0.0285388827324
0.0208011940122 0.395513921976 0.918224394321
0.0238574072719 -0.918359398842 0.39503249526
0.0694538954143
35.6822858333 139.797614167 0

00000018.jpg
C:\Users\jamis\Downloads\mannen01\mannen01_vsfm\img\_DSF0165.JPG
89139.3125
5824 4368
-2.84410452843 -17.4014129639 22.4634094238
3.31723403931 27.7150497437 6.03122520447
-1.1322508263 -0.0549930087244 0.0387045577294
0.843450289937 -0.536262758769 -0.0260460861557 0.0183314619189
0.997972607613 -0.00298818619922 -0.0635981410742
0.0588585212827 0.424173027277 0.903667271137
0.0242761746049 -0.905576646328 0.42348793149
0.328116190835
35.6794105556 139.792301389 0

00000019.jpg
C:\Users\jamis\Downloads\mannen01\mannen01_vsfm\img\_DSF0186.JPG
89523.78125
5824 4368
-3.97769427299 -17.820734024 24.0108356476
3.78005552292 29.1620101929 6.72388267517
-1.16298601448 -0.0344193162002 0.00522217313123
0.835500799178 -0.549243863064 -0.0162552240168 0.00246627776127
0.999460399151 0.0137350214645 -0.0298717040569
0.0219773296267 0.396651446819 0.917707562447
0.0244533065706 -0.917867183685 0.396134495735
-0.071393609029
35.6822858333 139.797614167 0

00000020.jpg
C:\Users\jamis\Downloads\mannen01\mannen01_vsfm\img\_DSF0181.JPG
88008.328125
5824 4368
1.23755407333 -0.583375811577 12.6528978348
-0.29557299614 -0.0541629493237 -12.7230987549
0.187825350355 -0.0597866473655 3.06326660356
0.0359436444544 0.0611475388792 -0.019463860109 0.997262687835
-0.989936470985 -0.0740711688995 0.12058096379
0.0693098530173 -0.99665760994 -0.0432180352509
0.12337937206 -0.0344265736639 0.991761863232
-0.00827508127548
35.6879933333 139.792139444 0

00000021.jpg
C:\Users\jamis\Downloads\mannen01\mannen01_vsfm\img\_DSF0178.JPG
90945.078125
5824 4368
-0.374085724354 -0.623928010464 13.6116037369
-1.97173142433 -0.0338279008865 -13.4876270294
0.183895118139 -0.0735075203186 3.08948742081
0.0232594401976 0.0593994296481 -0.0237434512996 0.997926386289
-0.99186527729 -0.0492418445647 0.117387004197
0.0436029918492 -0.997790753841 -0.0501311533153
0.119596041739 -0.0446047633886 0.991820037365
0.087360789357
35.6879933333 139.792139444 0

00000022.jpg
C:\Users\jamis\Downloads\mannen01\mannen01_vsfm\img\_DSF0177.JPG
92045.9921875
5824 4368
-0.926419377327 -0.639863610268 13.9677772522
-2.5416738987 -0.0609266161919 -13.7805280685
0.181493415546 -0.0743372096679 3.08338963151
0.0259013528463 0.0587201293475 -0.024050958289 0.997595628721
-0.991761505604 -0.054503262043 0.115934059024
0.0488530434668 -0.997500777245 -0.051032230258
0.118425868452 -0.0449485071003 0.991945803165
0.0449610778047
35.6879933333 139.792139444 0

00000023.jpg
C:\Users\jamis\Downloads\mannen01\mannen01_vsfm\img\_DSF0179.JPG
89316.46875
5824 4368
0.235694095492 -0.612581074238 13.071015358
-1.35326385498 -0.0662471652031 -13.0171518326
0.190118143888 -0.0675284915659 3.09389525704
0.0206147087316 0.0613082749634 -0.0217762242157 0.997702677121
-0.99163377285 -0.0438045300543 0.121419645846
0.0384648703039 -0.998201310635 -0.0459785945714
0.123215287924 -0.0409231856465 0.991534948349
-0.00745247580471
35.6879933333 139.792139444 0

00000024.jpg
C:\Users\jamis\Downloads\mannen01\mannen01_vsfm\img\_DSF0180.JPG
88395.84375
5824 4368
0.810934066772 -0.607897043228 12.7625160217
-0.824510097504 -0.0715848207474 -12.7759160995
0.199604067153 -0.0648166728664 3.08440453224
0.0252720927097 0.064554362384 -0.0209624936426 0.997533621199
-0.990390717983 -0.0531249493361 0.127687394619
0.047714099288 -0.997844457626 -0.0450699031353
0.12980645895 -0.0385442078114 0.990789890289
-0.0377296751759
35.6879933333 139.792139444 0

00000025.jpg
C:\Users\jamis\Downloads\mannen01\mannen01_vsfm\img\_DSF0182.JPG
87856.515625
5824 4368
1.61549782753 -0.638849854469 12.6507043839
0.219535708427 -0.0859022140503 -12.7672405243
0.171408820551 -0.057970926245 3.05932276533
0.0387376630279 0.0558990499479 -0.0189052097277 0.997692157942
-0.990752458572 -0.0794094726443 0.110033005476
0.0751835778356 -0.996282637119 -0.04204210639
0.112962380052 -0.0333805121481 0.993037521839
-0.042687853551
35.6879933333 139.792139444 0

00000026.jpg
C:\Users\jamis\Downloads\mannen01\mannen01_vsfm\img\_DSF0183.JPG
88256.609375
5824 4368
2.06753158569 -0.716239511967 12.833855629
0.70862197876 -0.090103417635 -12.9994392395
0.164652341833 -0.0613263574266 3.05917279493
0.0388900766116 0.0537006866613 -0.0200013402032 0.997736672765
-0.991210341454 -0.079751715064 0.105568438768
0.075456507504 -0.996174871922 -0.0440800711513
0.10867985338 -0.0357263758779 0.993434965611
0.0112472758914
35.6879933333 139.792139444 0

00000027.jpg
C:\Users\jamis\Downloads\mannen01\mannen01_vsfm\img\_DSF0184.JPG
87815.8984375
5824 4368
2.51921272278 -0.759830415249 12.7099189758
1.22596299648 -0.114376306534 -12.9209060669
0.158400101163 -0.0606652994854 3.0633389574
0.0367328211019 0.0515930575105 -0.0197595093833 0.997770972637
-0.991976976395 -0.0753410384059 0.101517952979
0.0712627321482 -0.996520340443 -0.0432228818536
0.104421243072 -0.035642247647 0.993894517422
0.031221236445
35.6879933333 139.792139444 0

00000028.jpg
C:\Users\jamis\Downloads\mannen01\mannen01_vsfm\img\_DSF0185.JPG
88179.3828125
5824 4368
2.99637889862 -0.705707788467 12.8818721771
1.70732116699 -0.113745927811 -13.1335763931
0.155395791868 -0.0500871758984 3.06674595716
0.0354388849839 0.050574193933 -0.0163010755761 0.99808497332
-0.992374956608 -0.0723904147744 0.0997683629394
0.0690936595201 -0.996955633163 -0.0361171625555
0.102079130709 -0.0289479903877 0.994354248047
0.0538481863359
35.6879933333 139.792139444 0

00000029.jpg
C:\Users\jamis\Downloads\mannen01\mannen01_vsfm\img\_DSF0202.JPG
90634.4375
5824 4368
-1.05145800114 -1.0363047123 16.0408821106
-3.26851129532 -0.289413809776 -15.770939827
0.218068509884 -0.0836233378879 3.07869216242
0.0270365763802 0.0706033626825 -0.027074467821 0.996778578654
-0.98857152462 -0.0577216483653 0.139268919826
0.0500762723386 -0.997071504593 -0.05779158324
0.142196923494 -0.0501560904086 0.988566935062
-0.0223693923128
35.68447 139.791821944 0

00000030.jpg
C:\Users\jamis\Downloads\mannen01\mannen01_vsfm\img\_DSF0201.JPG
90207.671875
5824 4368
-1.53420913219 -0.945619642735 15.8551740646
-3.73672866821 -0.243902266026 -15.5116739273
0.219327118261 -0.0831458048781 3.07771724435
0.027547891703 0.0710334028126 -0.0269284049183 0.996779287918
-0.988391458988 -0.0587439574301 0.1401181072
0.0510927140713 -0.997031629086 -0.0575924851
0.143085390329 -0.0497652031481 0.988458633423
0.0985557777265
35.68447 139.791821944 0

00000031.jpg
C:\Users\jamis\Downloads\mannen01\mannen01_vsfm\img\_DSF0176.JPG
90698.8046875
5824 4368
-1.53738212585 -0.591802418232 13.4541893005
-3.04096794128 -0.0883721113205 -13.2088499069
0.175861852319 -0.0731427055645 3.0792576897
0.0283105767715 0.0569832796481 -0.0236999166701 0.997750221137
-0.991902828217 -0.0591947175562 0.112363532186
0.0537928193808 -0.997273623943 -0.0505151562393
0.115047365427 -0.0440622381866 0.992382407188
0.047446173728
35.6879933333 139.792139444 0

00000032.jpg
C:\Users\jamis\Downloads\mannen01\mannen01_vsfm\img\_DSF0200.JPG
90730.203125
5824 4368
-2.00861907005 -0.744365394115 16.0704021454
-4.26559066772 -0.154299795628 -15.6405687332
0.221407572892 -0.0747522492183 3.07582503793
0.0286886011548 0.0717579590128 -0.0242271245083 0.99687162512
-0.988057434559 -0.0606739446521 0.141643583775
0.0537214651704 -0.997180044651 -0.0524050220847
0.144423753023 -0.0441704802215 0.988529622555
-0.0633327550497
35.68447 139.791821944 0

00000033.jpg
C:\Users\jamis\Downloads\mannen01\mannen01_vsfm\img\_DSF0175.JPG
90001.46875
5824 4368
-2.19177961349 -0.5419947505 13.1515378952
-3.54863023758 -0.100434064865 -12.8630332947
0.162737425063 -0.0725941224438 3.07655470905
0.0299492987715 0.0527842459552 -0.0235460651568 0.997887366071
-0.992633402348 -0.0622579231858 0.103938274086
0.0572861842811 -0.997096776962 -0.050154235214
0.106759026647 -0.0438308306038 0.993318021297
-0.0311009502028
35.6879933333 139.792139444 0

00000034.jpg
C:\Users\jamis\Downloads\mannen01\mannen01_vsfm\img\_DSF0199.JPG
90097.03125
5824 4368
-2.48953557014 -0.650731980801 15.8160648346
-4.72540569305 -0.108540117741 -15.3110380173
0.223045199999 -0.0744524165827 3.07448445732
0.0292278748814 0.0723128808137 -0.0241380165396 0.99677028749
-0.987836301327 -0.0617571733892 0.142713397741
0.0547767356038 -0.997125864029 -0.0523379594088
0.145535409451 -0.0438837520778 0.988379240036
-0.104193111372
35.68447 139.791821944 0

00000035.jpg
C:\Users\jamis\Downloads\mannen01\mannen01_vsfm\img\_DSF0174.JPG
89639.7109375
5824 4368
-2.72336030006 -0.509762465954 12.975233078
-4.06340312958 -0.0853467583656 -12.6299133301
0.163109475422 -0.0768808324406 3.07294904735
0.0317814460081 0.0529649350522 -0.0249647562561 0.997848508127
-0.992371022701 -0.0660701096058 0.104092516005
0.0607821643353 -0.996733486652 -0.0531819500029
0.107266180217 -0.0464487411082 0.993144750595
0.0677212692454
35.6879933333 139.792139444 0

00000036.jpg
C:\Users\jamis\Downloads\mannen01\mannen01_vsfm\img\_DSF0198.JPG
88280.0859375
5824 4368
-2.92813038826 -0.604908525944 15.0994501114
-5.1110625267 -0.113357484341 -14.5188655853
0.228845346703 -0.0743553991873 3.07681916818
0.027791311358 0.0741272655476 -0.0240850972059 0.996638973909
-0.987466692924 -0.0589660666883 0.146399587393
0.0518255494535 -0.997295320034 -0.0521211326122
0.149077013135 -0.0438807569444 0.987851440907
0.0532631220418
35.68447 139.791821944 0

00000037.jpg
C:\Users\jamis\Downloads\mannen01\mannen01_vsfm\img\_DSF0197.JPG
88065.8671875
5824 4368
-3.3291516304 -0.57783716917 14.9851369858
-5.65302085876 -0.00401163101196 -14.2833795547
0.246184625162 -0.083754442179 3.08169982633
0.0245786080965 0.0795847324428 -0.0270755124019 0.99622897241
-0.986125469208 -0.0532809980214 0.157221019268
0.0446626879275 -0.997325837612 -0.0578512847424
0.159882932901 -0.0500269569457 0.985867738724
0.331350028051
35.68447 139.791821944 0

